100 2505
58
44
54
46
50
50
54
44
46
50
51
49
49
57
54
55
51
54
41
48
45
50
44
55
52
53
53
46
49
42
51
52
44
55
56
44
52
54
50
57
57
55
44
55
50
42
46
43
48
54
52
54
56
42
55
48
48
48
43
50
51
56
50
56
52
39
43
39
50
50
58
51
45
51
50
55
53
52
48
51
52
52
54
47
61
38
49
60
52
49
54
47
46
60
57
37
55
49
44
48
1	2
1	6
1	7
1	8
1	10
1	11
1	12
1	14
1	15
1	16
1	17
1	18
1	19
1	22
1	24
1	25
1	26
1	32
1	33
1	34
1	35
1	37
1	38
1	41
1	42
1	44
1	45
1	46
1	47
1	52
1	53
1	55
1	56
1	57
1	59
1	60
1	61
1	62
1	63
1	64
1	67
1	69
1	71
1	75
1	76
1	78
1	80
1	81
1	82
1	84
1	86
1	88
1	89
1	91
1	94
1	95
1	96
1	97
2	3
2	6
2	7
2	9
2	10
2	12
2	13
2	14
2	16
2	18
2	19
2	21
2	22
2	25
2	30
2	32
2	35
2	40
2	42
2	44
2	45
2	49
2	52
2	53
2	54
2	57
2	60
2	62
2	64
2	65
2	69
2	73
2	77
2	83
2	84
2	85
2	91
2	92
2	93
2	94
2	97
2	98
2	99
3	4
3	5
3	6
3	9
3	10
3	11
3	13
3	14
3	15
3	16
3	17
3	20
3	21
3	26
3	28
3	29
3	30
3	34
3	35
3	36
3	39
3	40
3	41
3	44
3	46
3	47
3	51
3	52
3	55
3	58
3	59
3	61
3	63
3	68
3	70
3	71
3	77
3	79
3	80
3	81
3	83
3	84
3	86
3	88
3	89
3	90
3	91
3	93
3	96
3	97
3	98
3	99
3	100
4	8
4	10
4	12
4	13
4	14
4	16
4	18
4	19
4	20
4	25
4	28
4	29
4	33
4	35
4	37
4	40
4	41
4	43
4	44
4	45
4	51
4	53
4	58
4	59
4	60
4	62
4	63
4	64
4	66
4	68
4	69
4	71
4	75
4	76
4	78
4	80
4	81
4	82
4	90
4	91
4	92
4	93
4	94
4	95
4	99
5	6
5	8
5	9
5	11
5	12
5	14
5	17
5	19
5	20
5	22
5	23
5	24
5	25
5	26
5	27
5	33
5	34
5	35
5	38
5	39
5	41
5	45
5	49
5	50
5	51
5	54
5	59
5	61
5	62
5	65
5	67
5	70
5	72
5	74
5	76
5	78
5	80
5	81
5	83
5	85
5	86
5	90
5	92
5	94
5	95
5	97
5	98
5	99
5	100
6	7
6	9
6	12
6	13
6	17
6	19
6	20
6	21
6	23
6	25
6	30
6	31
6	35
6	37
6	39
6	40
6	41
6	43
6	44
6	48
6	51
6	53
6	55
6	56
6	59
6	61
6	64
6	66
6	68
6	72
6	73
6	75
6	76
6	77
6	78
6	80
6	81
6	88
6	91
6	93
6	94
6	95
6	96
6	97
6	99
6	100
7	13
7	14
7	15
7	16
7	17
7	18
7	19
7	24
7	26
7	27
7	28
7	31
7	32
7	34
7	37
7	39
7	40
7	42
7	44
7	45
7	47
7	48
7	50
7	51
7	56
7	57
7	58
7	59
7	61
7	63
7	64
7	65
7	67
7	70
7	74
7	75
7	76
7	77
7	79
7	82
7	83
7	84
7	86
7	87
7	88
7	89
7	93
7	94
7	95
7	97
7	98
8	10
8	12
8	14
8	15
8	16
8	17
8	18
8	20
8	21
8	22
8	24
8	26
8	28
8	29
8	30
8	31
8	33
8	38
8	40
8	41
8	44
8	50
8	51
8	52
8	53
8	55
8	58
8	64
8	65
8	69
8	70
8	71
8	77
8	80
8	82
8	84
8	85
8	87
8	91
8	92
8	99
9	10
9	11
9	20
9	22
9	24
9	27
9	28
9	29
9	30
9	34
9	36
9	38
9	39
9	41
9	45
9	46
9	48
9	49
9	50
9	51
9	56
9	61
9	64
9	65
9	69
9	71
9	72
9	74
9	77
9	78
9	82
9	83
9	86
9	88
9	89
9	91
9	92
9	94
9	95
9	97
9	98
9	99
10	12
10	13
10	14
10	16
10	17
10	18
10	21
10	24
10	25
10	26
10	27
10	31
10	32
10	38
10	39
10	40
10	41
10	42
10	43
10	45
10	46
10	49
10	52
10	54
10	55
10	62
10	63
10	64
10	65
10	68
10	70
10	74
10	76
10	77
10	80
10	81
10	84
10	86
10	88
10	89
10	92
10	96
10	98
10	100
11	16
11	17
11	18
11	19
11	21
11	23
11	24
11	25
11	26
11	30
11	31
11	32
11	34
11	36
11	39
11	40
11	41
11	46
11	48
11	49
11	50
11	51
11	52
11	55
11	57
11	58
11	59
11	66
11	68
11	70
11	72
11	73
11	76
11	78
11	79
11	81
11	82
11	83
11	87
11	89
11	91
11	92
11	94
11	95
11	97
11	98
11	100
12	13
12	14
12	17
12	20
12	21
12	24
12	25
12	27
12	28
12	29
12	30
12	31
12	32
12	33
12	40
12	41
12	42
12	43
12	44
12	49
12	50
12	54
12	59
12	62
12	64
12	67
12	68
12	74
12	75
12	77
12	79
12	80
12	83
12	85
12	87
12	89
12	90
12	92
12	93
12	94
12	95
12	100
13	15
13	16
13	19
13	21
13	24
13	25
13	28
13	30
13	33
13	36
13	38
13	39
13	40
13	42
13	43
13	44
13	50
13	54
13	56
13	58
13	62
13	63
13	68
13	69
13	70
13	71
13	73
13	74
13	75
13	76
13	77
13	78
13	79
13	82
13	83
13	84
13	87
13	92
13	95
13	96
13	97
13	100
14	15
14	18
14	19
14	20
14	23
14	24
14	25
14	28
14	29
14	31
14	35
14	38
14	42
14	43
14	44
14	46
14	49
14	50
14	51
14	53
14	58
14	63
14	64
14	65
14	66
14	67
14	69
14	70
14	72
14	73
14	74
14	75
14	76
14	79
14	80
14	81
14	82
14	83
14	85
14	86
14	88
14	89
14	90
14	91
14	94
14	95
14	97
14	99
15	16
15	17
15	20
15	22
15	23
15	25
15	26
15	29
15	30
15	32
15	35
15	37
15	38
15	39
15	41
15	43
15	44
15	45
15	46
15	47
15	49
15	50
15	52
15	53
15	55
15	56
15	62
15	63
15	64
15	65
15	69
15	70
15	71
15	74
15	75
15	76
15	79
15	81
15	83
15	85
15	86
15	89
15	95
15	96
15	97
15	98
15	99
15	100
16	18
16	19
16	20
16	21
16	22
16	23
16	25
16	26
16	28
16	31
16	32
16	33
16	34
16	35
16	36
16	41
16	42
16	45
16	46
16	47
16	49
16	50
16	51
16	53
16	56
16	58
16	61
16	62
16	65
16	70
16	71
16	74
16	75
16	77
16	78
16	79
16	83
16	89
16	92
16	93
16	94
16	95
16	96
16	99
16	100
17	18
17	20
17	22
17	23
17	28
17	29
17	33
17	35
17	36
17	38
17	40
17	48
17	50
17	55
17	57
17	58
17	59
17	60
17	61
17	63
17	64
17	67
17	68
17	69
17	70
17	71
17	73
17	76
17	77
17	78
17	79
17	80
17	82
17	85
17	91
17	93
17	94
17	97
17	98
17	99
17	100
18	19
18	20
18	21
18	22
18	23
18	24
18	25
18	27
18	28
18	29
18	30
18	31
18	32
18	37
18	39
18	40
18	41
18	44
18	45
18	46
18	47
18	48
18	49
18	53
18	54
18	55
18	57
18	62
18	63
18	64
18	70
18	72
18	73
18	75
18	77
18	80
18	82
18	83
18	85
18	90
18	94
18	95
18	96
18	100
19	20
19	25
19	26
19	27
19	33
19	34
19	35
19	37
19	42
19	44
19	45
19	48
19	49
19	50
19	51
19	53
19	58
19	59
19	62
19	63
19	69
19	74
19	75
19	76
19	85
19	88
19	89
19	90
19	91
19	92
20	25
20	28
20	30
20	31
20	32
20	36
20	37
20	39
20	41
20	42
20	44
20	48
20	49
20	50
20	51
20	52
20	53
20	55
20	58
20	60
20	61
20	62
20	64
20	66
20	68
20	76
20	77
20	78
20	80
20	85
20	86
20	88
20	90
20	91
20	94
21	27
21	28
21	29
21	31
21	32
21	35
21	38
21	42
21	43
21	44
21	47
21	49
21	51
21	52
21	53
21	54
21	55
21	60
21	61
21	62
21	69
21	71
21	72
21	75
21	76
21	80
21	81
21	82
21	83
21	85
21	87
21	89
21	90
21	94
21	95
22	23
22	24
22	26
22	27
22	28
22	31
22	32
22	33
22	34
22	36
22	38
22	40
22	41
22	46
22	49
22	52
22	55
22	56
22	57
22	58
22	59
22	61
22	62
22	67
22	69
22	71
22	73
22	74
22	75
22	77
22	78
22	82
22	85
22	87
22	88
22	90
22	91
22	92
22	93
22	97
22	98
23	24
23	25
23	27
23	29
23	31
23	32
23	34
23	35
23	38
23	39
23	42
23	43
23	44
23	45
23	46
23	54
23	58
23	62
23	63
23	64
23	65
23	66
23	69
23	70
23	71
23	73
23	75
23	77
23	78
23	82
23	85
23	90
23	91
23	96
23	97
24	25
24	27
24	29
24	34
24	35
24	36
24	37
24	38
24	39
24	40
24	41
24	42
24	45
24	47
24	50
24	51
24	53
24	54
24	55
24	57
24	58
24	60
24	62
24	63
24	64
24	65
24	67
24	68
24	72
24	73
24	75
24	78
24	83
24	84
24	86
24	88
24	89
24	93
24	95
24	96
24	97
24	99
25	27
25	28
25	29
25	30
25	32
25	35
25	37
25	38
25	41
25	42
25	49
25	51
25	52
25	55
25	59
25	62
25	64
25	66
25	70
25	71
25	72
25	73
25	74
25	76
25	77
25	78
25	80
25	81
25	83
25	88
25	89
25	91
25	97
25	98
25	100
26	27
26	35
26	36
26	38
26	39
26	40
26	44
26	46
26	47
26	48
26	49
26	50
26	53
26	56
26	58
26	59
26	60
26	61
26	63
26	64
26	65
26	67
26	70
26	71
26	72
26	73
26	74
26	75
26	78
26	79
26	80
26	82
26	85
26	86
26	89
26	90
26	91
26	92
26	93
26	94
26	97
26	98
27	31
27	32
27	34
27	35
27	36
27	37
27	38
27	41
27	42
27	43
27	49
27	51
27	53
27	54
27	56
27	57
27	59
27	61
27	62
27	63
27	65
27	68
27	71
27	77
27	78
27	80
27	81
27	82
27	83
27	87
27	89
27	90
27	91
27	92
27	93
27	94
27	95
27	97
27	98
27	100
28	30
28	34
28	36
28	39
28	40
28	41
28	42
28	44
28	49
28	60
28	61
28	62
28	63
28	65
28	66
28	69
28	72
28	77
28	80
28	83
28	85
28	86
28	87
28	88
28	89
28	91
28	93
28	94
28	97
28	99
28	100
29	32
29	34
29	36
29	37
29	38
29	40
29	41
29	42
29	46
29	48
29	50
29	52
29	53
29	55
29	57
29	60
29	64
29	70
29	71
29	72
29	74
29	77
29	78
29	79
29	80
29	82
29	83
29	84
29	85
29	87
29	89
29	90
29	91
29	93
29	95
29	100
30	31
30	35
30	37
30	38
30	39
30	41
30	42
30	46
30	47
30	48
30	51
30	52
30	53
30	55
30	56
30	57
30	60
30	64
30	65
30	68
30	69
30	76
30	78
30	85
30	89
30	93
30	95
30	99
30	100
31	32
31	35
31	37
31	38
31	40
31	44
31	45
31	48
31	50
31	53
31	55
31	56
31	57
31	58
31	61
31	62
31	63
31	64
31	65
31	66
31	67
31	72
31	73
31	74
31	79
31	84
31	85
31	87
31	88
31	89
31	90
31	91
31	92
31	93
31	97
31	100
32	34
32	35
32	38
32	40
32	41
32	43
32	44
32	48
32	52
32	53
32	55
32	56
32	58
32	60
32	61
32	62
32	64
32	65
32	66
32	67
32	68
32	69
32	71
32	73
32	76
32	78
32	80
32	82
32	84
32	85
32	86
32	88
32	90
32	92
32	99
33	35
33	36
33	38
33	42
33	43
33	45
33	48
33	49
33	51
33	54
33	55
33	57
33	61
33	62
33	66
33	69
33	71
33	72
33	78
33	79
33	81
33	82
33	83
33	85
33	87
33	88
33	90
33	94
33	95
33	96
33	97
33	98
33	99
33	100
34	35
34	36
34	38
34	39
34	41
34	42
34	43
34	45
34	48
34	49
34	50
34	51
34	54
34	56
34	58
34	59
34	60
34	61
34	63
34	65
34	66
34	67
34	69
34	70
34	71
34	72
34	73
34	74
34	75
34	77
34	78
34	80
34	81
34	82
34	84
34	88
34	90
34	91
34	94
34	95
35	41
35	42
35	43
35	47
35	51
35	52
35	53
35	55
35	56
35	58
35	59
35	60
35	61
35	63
35	64
35	68
35	70
35	71
35	74
35	76
35	77
35	79
35	80
35	81
35	84
35	85
35	88
35	89
35	90
35	93
35	94
35	95
35	97
35	98
36	38
36	41
36	42
36	43
36	45
36	47
36	49
36	50
36	51
36	52
36	59
36	60
36	63
36	68
36	70
36	73
36	75
36	76
36	78
36	79
36	85
36	87
36	88
36	90
36	92
36	94
36	98
36	99
36	100
37	38
37	40
37	41
37	42
37	44
37	46
37	47
37	50
37	51
37	52
37	53
37	55
37	58
37	59
37	60
37	61
37	64
37	65
37	68
37	69
37	70
37	71
37	72
37	74
37	75
37	80
37	81
37	83
37	84
37	85
37	87
37	88
37	89
37	90
37	91
37	93
37	94
37	98
38	40
38	41
38	42
38	44
38	46
38	48
38	49
38	51
38	55
38	59
38	60
38	61
38	62
38	66
38	68
38	69
38	70
38	74
38	75
38	81
38	82
38	83
38	84
38	85
38	88
38	90
38	94
38	95
38	98
38	99
39	41
39	43
39	44
39	48
39	50
39	51
39	55
39	56
39	58
39	62
39	63
39	64
39	65
39	69
39	71
39	73
39	74
39	78
39	79
39	83
39	84
39	85
39	87
39	88
39	89
39	90
39	91
39	92
39	93
39	94
39	98
39	99
39	100
40	41
40	42
40	44
40	46
40	47
40	49
40	50
40	54
40	55
40	56
40	57
40	58
40	59
40	60
40	61
40	65
40	66
40	67
40	70
40	72
40	74
40	75
40	76
40	79
40	80
40	82
40	83
40	84
40	87
40	88
40	90
40	91
40	93
40	95
40	97
40	99
41	42
41	43
41	48
41	50
41	51
41	52
41	53
41	55
41	56
41	61
41	62
41	63
41	65
41	69
41	70
41	71
41	74
41	79
41	82
41	84
41	85
41	87
41	92
41	93
41	94
41	95
41	97
41	98
42	43
42	47
42	48
42	50
42	51
42	52
42	56
42	57
42	58
42	61
42	62
42	63
42	64
42	66
42	67
42	72
42	73
42	75
42	76
42	79
42	81
42	83
42	85
42	86
42	87
42	93
42	94
42	96
42	98
43	46
43	47
43	51
43	53
43	54
43	55
43	57
43	59
43	60
43	62
43	64
43	65
43	66
43	67
43	69
43	71
43	72
43	77
43	79
43	81
43	83
43	85
43	89
43	95
43	97
43	99
44	45
44	46
44	52
44	53
44	54
44	56
44	58
44	59
44	60
44	62
44	64
44	65
44	67
44	68
44	69
44	72
44	73
44	75
44	78
44	81
44	83
44	87
44	89
44	90
44	91
44	93
44	95
44	96
44	98
44	99
44	100
45	47
45	48
45	49
45	52
45	54
45	56
45	60
45	61
45	62
45	63
45	64
45	65
45	70
45	71
45	72
45	73
45	74
45	77
45	78
45	79
45	83
45	85
45	86
45	87
45	88
45	89
45	90
45	94
45	96
45	97
45	98
45	99
46	47
46	48
46	50
46	51
46	52
46	53
46	54
46	55
46	61
46	63
46	64
46	66
46	75
46	76
46	77
46	82
46	85
46	91
46	93
46	95
46	97
46	99
46	100
47	48
47	49
47	50
47	51
47	53
47	55
47	56
47	60
47	61
47	64
47	66
47	70
47	71
47	72
47	75
47	76
47	77
47	79
47	82
47	83
47	84
47	85
47	87
47	88
47	91
47	92
47	95
47	96
48	49
48	52
48	53
48	54
48	57
48	58
48	61
48	63
48	64
48	67
48	68
48	70
48	72
48	75
48	77
48	78
48	84
48	88
48	96
48	99
48	100
49	51
49	52
49	54
49	55
49	58
49	60
49	62
49	64
49	68
49	69
49	71
49	74
49	77
49	78
49	84
49	85
49	89
49	90
49	91
49	94
49	96
49	99
50	51
50	53
50	56
50	57
50	58
50	60
50	61
50	64
50	65
50	66
50	67
50	71
50	73
50	75
50	76
50	78
50	79
50	80
50	81
50	83
50	89
50	91
50	92
50	93
50	94
50	97
50	98
50	100
51	53
51	55
51	57
51	59
51	63
51	65
51	66
51	68
51	69
51	71
51	72
51	73
51	74
51	75
51	78
51	81
51	85
51	91
51	92
51	98
51	100
52	53
52	55
52	56
52	57
52	59
52	60
52	61
52	62
52	67
52	68
52	71
52	72
52	74
52	76
52	77
52	78
52	79
52	81
52	82
52	83
52	85
52	86
52	88
52	91
52	93
52	94
52	95
52	97
52	99
52	100
53	55
53	57
53	58
53	60
53	62
53	63
53	65
53	66
53	67
53	70
53	72
53	74
53	77
53	79
53	82
53	83
53	84
53	86
53	89
53	90
53	91
53	92
53	93
53	94
53	95
53	97
54	55
54	57
54	60
54	62
54	63
54	65
54	67
54	71
54	73
54	74
54	75
54	77
54	79
54	81
54	84
54	87
54	88
54	89
54	90
54	91
54	92
54	93
54	96
55	56
55	57
55	60
55	66
55	67
55	71
55	73
55	74
55	75
55	76
55	78
55	80
55	81
55	82
55	83
55	86
55	87
55	89
55	90
55	91
55	94
55	98
56	60
56	61
56	64
56	68
56	72
56	73
56	74
56	75
56	76
56	78
56	82
56	85
56	86
56	88
56	89
56	90
56	91
56	92
56	93
56	97
56	98
56	99
56	100
57	58
57	59
57	60
57	63
57	64
57	66
57	71
57	72
57	73
57	74
57	76
57	77
57	82
57	84
57	86
57	87
57	88
57	90
57	91
57	92
57	95
57	96
57	97
57	98
57	100
58	60
58	62
58	67
58	69
58	70
58	71
58	74
58	75
58	76
58	77
58	80
58	82
58	83
58	85
58	87
58	88
58	90
58	98
58	100
59	66
59	69
59	70
59	71
59	77
59	78
59	79
59	82
59	83
59	84
59	87
59	88
59	90
59	92
59	94
59	95
59	98
59	100
60	61
60	62
60	65
60	66
60	67
60	68
60	72
60	73
60	74
60	76
60	77
60	81
60	82
60	83
60	84
60	89
60	90
60	96
60	98
61	62
61	63
61	64
61	65
61	67
61	69
61	73
61	76
61	79
61	81
61	84
61	85
61	87
61	89
61	91
61	92
61	93
61	94
61	95
62	63
62	64
62	65
62	67
62	68
62	69
62	71
62	76
62	80
62	81
62	84
62	85
62	88
62	89
62	92
62	93
62	94
62	95
62	97
62	99
63	64
63	66
63	68
63	73
63	76
63	78
63	79
63	80
63	81
63	85
63	88
63	89
63	91
63	92
63	94
63	95
63	97
63	99
64	65
64	69
64	70
64	72
64	74
64	76
64	77
64	79
64	80
64	82
64	85
64	88
64	90
64	91
64	94
64	98
64	100
65	67
65	72
65	75
65	76
65	77
65	78
65	79
65	80
65	81
65	83
65	84
65	87
65	88
65	90
65	95
65	96
65	97
65	99
65	100
66	69
66	70
66	71
66	76
66	77
66	79
66	81
66	83
66	88
66	89
66	92
66	94
66	95
67	68
67	69
67	73
67	76
67	78
67	83
67	85
67	86
67	87
67	88
67	89
67	91
67	95
67	96
67	97
67	99
68	70
68	77
68	79
68	80
68	81
68	86
68	87
68	88
68	93
68	94
68	95
68	97
69	70
69	72
69	74
69	77
69	81
69	82
69	83
69	85
69	86
69	87
69	88
69	90
69	92
69	93
69	94
69	97
69	98
70	71
70	75
70	76
70	79
70	80
70	81
70	84
70	85
70	87
70	88
70	90
70	92
70	94
70	95
70	96
70	97
70	98
71	73
71	74
71	75
71	76
71	77
71	78
71	80
71	81
71	82
71	83
71	84
71	86
71	87
71	88
71	92
71	94
71	96
71	98
71	99
71	100
72	73
72	74
72	75
72	77
72	78
72	79
72	80
72	82
72	83
72	84
72	85
72	87
72	88
72	89
72	90
72	93
72	94
72	95
72	97
73	77
73	81
73	82
73	83
73	85
73	88
73	90
73	91
73	94
73	96
73	97
73	99
73	100
74	76
74	78
74	79
74	80
74	83
74	84
74	86
74	87
74	88
74	89
74	90
74	91
74	96
74	100
75	76
75	79
75	80
75	82
75	86
75	87
75	88
75	89
75	90
75	92
75	93
75	94
75	95
75	99
76	77
76	79
76	80
76	82
76	83
76	84
76	85
76	86
76	92
76	94
76	95
76	96
76	98
76	100
77	79
77	80
77	82
77	84
77	86
77	87
77	88
77	93
77	95
77	97
78	80
78	81
78	84
78	87
78	88
78	89
78	91
78	93
78	95
78	96
78	98
78	99
78	100
79	81
79	84
79	86
79	87
79	88
79	92
79	94
79	95
79	98
80	82
80	83
80	84
80	85
80	86
80	87
80	88
80	94
80	95
80	98
80	99
80	100
81	82
81	83
81	84
81	85
81	87
81	88
81	89
81	90
81	91
81	92
81	95
81	96
81	97
81	100
82	83
82	84
82	85
82	86
82	89
82	90
82	91
82	92
82	98
82	99
83	85
83	88
83	91
83	92
83	93
83	97
83	99
84	86
84	88
84	92
84	94
84	95
84	97
84	98
85	86
85	87
85	88
85	89
85	90
85	91
85	94
85	96
85	97
85	98
85	100
86	87
86	93
86	96
86	98
86	100
87	89
87	91
87	93
87	95
87	97
87	99
88	89
88	90
88	92
88	94
88	97
88	100
89	92
89	94
89	97
89	98
89	100
90	92
90	94
91	93
91	95
91	96
91	97
91	98
91	99
92	94
92	95
92	97
93	95
93	96
93	97
93	99
93	100
94	96
94	97
94	98
94	99
94	100
95	96
95	97
95	98
95	100
96	98
96	99
97	100
98	100
