100 2528
62
53
47
48
62
53
42
49
53
55
41
49
48
55
50
49
49
44
54
51
52
47
48
49
53
52
49
53
57
54
52
48
57
47
56
51
46
50
51
53
50
43
55
55
52
49
50
45
55
54
50
50
45
44
40
53
53
53
54
55
50
40
55
55
49
51
51
49
50
46
52
46
56
51
50
51
50
53
52
56
61
43
54
54
50
52
54
45
51
45
43
55
49
51
57
49
56
40
49
50
53
1	2
1	4
1	6
1	7
1	8
1	9
1	10
1	11
1	14
1	16
1	17
1	19
1	21
1	22
1	24
1	27
1	28
1	32
1	33
1	35
1	36
1	38
1	39
1	41
1	44
1	46
1	47
1	48
1	49
1	54
1	55
1	56
1	59
1	61
1	63
1	65
1	70
1	72
1	73
1	75
1	76
1	77
1	78
1	79
1	81
1	83
1	87
1	88
1	90
1	95
1	96
1	98
1	100
2	3
2	5
2	6
2	9
2	12
2	13
2	14
2	15
2	16
2	19
2	21
2	22
2	23
2	27
2	28
2	29
2	31
2	33
2	35
2	36
2	37
2	41
2	42
2	43
2	46
2	50
2	52
2	59
2	62
2	64
2	65
2	68
2	69
2	70
2	73
2	76
2	77
2	79
2	80
2	86
2	88
2	89
2	92
2	93
2	98
2	99
3	4
3	7
3	8
3	10
3	12
3	13
3	14
3	18
3	19
3	20
3	23
3	24
3	25
3	28
3	30
3	31
3	34
3	36
3	39
3	40
3	43
3	45
3	48
3	49
3	50
3	53
3	55
3	58
3	59
3	63
3	65
3	66
3	68
3	72
3	75
3	77
3	78
3	80
3	82
3	83
3	84
3	85
3	90
3	91
3	93
3	96
3	100
4	5
4	6
4	7
4	8
4	9
4	12
4	13
4	14
4	15
4	17
4	18
4	23
4	27
4	28
4	29
4	32
4	34
4	35
4	36
4	37
4	40
4	41
4	42
4	43
4	46
4	47
4	48
4	49
4	51
4	52
4	53
4	55
4	56
4	62
4	64
4	65
4	66
4	67
4	68
4	69
4	70
4	71
4	73
4	75
4	76
4	78
4	80
4	81
4	82
4	83
4	84
4	86
4	87
4	90
4	91
4	93
4	95
4	96
4	99
4	100
5	7
5	9
5	10
5	11
5	12
5	16
5	17
5	18
5	23
5	25
5	26
5	28
5	30
5	31
5	32
5	33
5	34
5	35
5	36
5	37
5	38
5	40
5	41
5	43
5	44
5	47
5	48
5	49
5	50
5	51
5	53
5	57
5	59
5	61
5	66
5	67
5	69
5	70
5	72
5	75
5	77
5	79
5	80
5	82
5	83
5	84
5	87
5	91
5	94
5	95
5	98
6	8
6	9
6	11
6	14
6	17
6	27
6	29
6	30
6	32
6	33
6	35
6	36
6	37
6	43
6	45
6	49
6	50
6	52
6	54
6	55
6	62
6	65
6	68
6	71
6	73
6	74
6	76
6	78
6	79
6	80
6	82
6	83
6	84
6	91
6	92
6	93
6	94
6	95
6	99
7	8
7	10
7	12
7	13
7	15
7	19
7	20
7	22
7	24
7	25
7	28
7	29
7	30
7	31
7	32
7	33
7	34
7	35
7	38
7	39
7	42
7	43
7	44
7	45
7	46
7	47
7	49
7	51
7	58
7	63
7	65
7	72
7	74
7	77
7	78
7	80
7	82
7	83
7	84
7	88
7	93
7	94
7	98
7	99
7	100
8	12
8	14
8	15
8	16
8	17
8	18
8	20
8	23
8	24
8	25
8	30
8	31
8	35
8	37
8	41
8	42
8	44
8	47
8	48
8	49
8	50
8	51
8	53
8	56
8	58
8	61
8	65
8	66
8	67
8	68
8	71
8	72
8	73
8	74
8	77
8	78
8	79
8	80
8	82
8	89
8	91
8	92
8	93
8	95
8	96
8	97
8	99
8	100
9	11
9	12
9	13
9	16
9	18
9	20
9	21
9	26
9	27
9	28
9	29
9	30
9	32
9	33
9	34
9	39
9	42
9	43
9	44
9	45
9	46
9	47
9	52
9	53
9	54
9	55
9	56
9	57
9	58
9	60
9	63
9	65
9	66
9	67
9	68
9	70
9	73
9	75
9	77
9	81
9	82
9	84
9	85
9	86
9	88
9	91
9	92
9	94
9	95
9	98
10	18
10	19
10	23
10	25
10	27
10	30
10	33
10	34
10	37
10	39
10	42
10	43
10	44
10	48
10	50
10	52
10	56
10	59
10	61
10	62
10	64
10	67
10	68
10	70
10	77
10	80
10	81
10	83
10	84
10	85
10	89
10	90
10	93
10	94
10	95
10	97
10	100
11	14
11	17
11	18
11	20
11	22
11	23
11	24
11	25
11	26
11	27
11	29
11	30
11	32
11	33
11	34
11	35
11	37
11	46
11	47
11	49
11	50
11	51
11	56
11	57
11	59
11	61
11	62
11	64
11	65
11	67
11	70
11	71
11	72
11	74
11	76
11	78
11	80
11	82
11	83
11	86
11	87
11	88
11	94
11	99
11	100
12	14
12	17
12	20
12	21
12	22
12	23
12	24
12	27
12	29
12	31
12	33
12	34
12	36
12	41
12	42
12	48
12	52
12	56
12	57
12	59
12	61
12	62
12	63
12	64
12	65
12	66
12	67
12	71
12	72
12	73
12	74
12	77
12	79
12	81
12	85
12	88
12	92
12	94
12	96
12	99
12	100
13	16
13	17
13	19
13	20
13	21
13	23
13	24
13	25
13	27
13	28
13	30
13	31
13	34
13	35
13	38
13	39
13	40
13	47
13	48
13	50
13	51
13	52
13	53
13	56
13	57
13	58
13	59
13	62
13	63
13	65
13	67
13	70
13	71
13	72
13	73
13	74
13	75
13	76
13	77
13	78
13	79
13	80
13	82
13	84
13	85
13	86
13	88
13	89
13	96
13	97
14	16
14	21
14	24
14	29
14	30
14	35
14	40
14	42
14	46
14	47
14	48
14	50
14	53
14	54
14	55
14	56
14	58
14	59
14	60
14	61
14	65
14	68
14	69
14	71
14	72
14	73
14	76
14	77
14	79
14	81
14	83
14	84
14	85
14	86
14	90
14	91
14	92
14	93
14	94
14	96
14	98
14	99
15	16
15	17
15	19
15	21
15	22
15	24
15	27
15	28
15	30
15	31
15	35
15	36
15	37
15	38
15	39
15	41
15	43
15	44
15	45
15	46
15	51
15	53
15	56
15	57
15	58
15	59
15	62
15	63
15	64
15	65
15	66
15	67
15	68
15	69
15	71
15	75
15	79
15	82
15	83
15	84
15	85
15	88
15	97
15	98
15	99
16	18
16	19
16	21
16	22
16	24
16	26
16	27
16	29
16	33
16	34
16	35
16	39
16	40
16	42
16	44
16	47
16	49
16	50
16	52
16	56
16	57
16	58
16	59
16	60
16	65
16	67
16	68
16	69
16	70
16	72
16	74
16	78
16	83
16	84
16	85
16	87
16	88
16	89
16	92
16	95
16	98
17	19
17	21
17	23
17	25
17	29
17	31
17	33
17	34
17	42
17	47
17	48
17	49
17	50
17	53
17	54
17	57
17	60
17	63
17	64
17	66
17	70
17	71
17	72
17	73
17	76
17	77
17	79
17	83
17	89
17	91
17	92
17	94
17	95
17	96
17	97
18	21
18	24
18	25
18	27
18	28
18	31
18	32
18	33
18	37
18	38
18	39
18	40
18	43
18	45
18	47
18	50
18	51
18	52
18	54
18	55
18	57
18	58
18	59
18	62
18	63
18	64
18	65
18	66
18	67
18	70
18	75
18	76
18	78
18	79
18	80
18	82
18	84
18	85
18	86
18	87
18	90
18	92
18	93
18	95
18	98
18	99
19	21
19	22
19	23
19	27
19	28
19	29
19	34
19	36
19	39
19	40
19	41
19	42
19	43
19	45
19	47
19	49
19	52
19	54
19	56
19	60
19	61
19	62
19	63
19	67
19	73
19	74
19	76
19	77
19	78
19	80
19	81
19	82
19	85
19	87
19	90
19	92
19	93
19	96
19	97
19	98
19	99
19	100
20	23
20	30
20	32
20	33
20	35
20	37
20	39
20	40
20	41
20	45
20	46
20	47
20	48
20	50
20	53
20	54
20	55
20	57
20	58
20	61
20	62
20	63
20	64
20	65
20	66
20	67
20	68
20	69
20	71
20	72
20	73
20	74
20	76
20	79
20	80
20	83
20	85
20	86
20	87
20	94
20	95
20	96
20	98
20	99
20	100
21	26
21	28
21	29
21	32
21	34
21	35
21	36
21	37
21	38
21	40
21	42
21	45
21	50
21	51
21	56
21	61
21	62
21	63
21	65
21	71
21	72
21	73
21	74
21	77
21	79
21	80
21	82
21	86
21	88
21	89
21	90
21	91
21	92
21	93
21	96
21	100
22	23
22	24
22	25
22	27
22	28
22	29
22	32
22	33
22	34
22	36
22	37
22	40
22	45
22	46
22	48
22	52
22	53
22	57
22	58
22	59
22	60
22	62
22	63
22	65
22	66
22	67
22	73
22	74
22	75
22	76
22	77
22	78
22	79
22	81
22	85
22	86
22	87
22	91
22	96
22	97
23	25
23	26
23	31
23	32
23	34
23	38
23	42
23	43
23	47
23	48
23	49
23	53
23	57
23	60
23	61
23	62
23	63
23	66
23	68
23	69
23	70
23	73
23	75
23	77
23	79
23	82
23	83
23	84
23	85
23	86
23	89
23	91
23	93
23	94
23	96
23	98
24	26
24	28
24	29
24	30
24	32
24	33
24	34
24	35
24	38
24	39
24	40
24	43
24	45
24	47
24	48
24	49
24	50
24	55
24	56
24	57
24	59
24	60
24	62
24	72
24	74
24	78
24	79
24	80
24	81
24	82
24	83
24	85
24	86
24	88
24	89
24	91
24	92
24	94
24	95
24	97
24	100
25	26
25	28
25	30
25	32
25	34
25	36
25	38
25	39
25	41
25	43
25	44
25	45
25	47
25	49
25	51
25	52
25	53
25	55
25	56
25	57
25	60
25	61
25	66
25	67
25	68
25	71
25	72
25	78
25	79
25	80
25	85
25	88
25	90
25	91
25	92
25	94
25	95
25	96
25	97
25	98
25	99
26	27
26	28
26	30
26	31
26	32
26	33
26	34
26	36
26	40
26	41
26	42
26	43
26	44
26	46
26	51
26	53
26	55
26	59
26	60
26	64
26	67
26	68
26	70
26	72
26	73
26	75
26	77
26	78
26	80
26	81
26	82
26	83
26	84
26	90
26	91
26	92
26	95
26	96
26	97
26	98
26	99
27	29
27	32
27	33
27	34
27	35
27	36
27	37
27	38
27	40
27	43
27	44
27	45
27	50
27	51
27	53
27	55
27	62
27	63
27	64
27	65
27	67
27	69
27	70
27	71
27	73
27	74
27	75
27	79
27	80
27	82
27	84
27	86
27	87
27	89
27	94
27	95
27	96
27	100
28	29
28	31
28	32
28	33
28	39
28	40
28	42
28	43
28	44
28	49
28	53
28	55
28	57
28	58
28	59
28	60
28	61
28	63
28	65
28	66
28	67
28	69
28	71
28	72
28	73
28	77
28	78
28	79
28	80
28	81
28	85
28	88
28	89
28	90
28	93
28	95
28	96
28	97
28	98
28	99
28	100
29	31
29	32
29	33
29	36
29	37
29	42
29	44
29	45
29	47
29	49
29	50
29	53
29	54
29	55
29	57
29	59
29	60
29	64
29	65
29	72
29	74
29	76
29	77
29	78
29	79
29	80
29	82
29	84
29	85
29	86
29	89
29	90
29	91
29	93
29	94
29	95
29	97
29	98
30	31
30	33
30	38
30	39
30	41
30	43
30	44
30	45
30	46
30	48
30	52
30	53
30	55
30	58
30	62
30	64
30	68
30	70
30	71
30	72
30	74
30	75
30	76
30	80
30	81
30	82
30	84
30	86
30	87
30	88
30	91
30	92
30	94
30	95
30	98
30	99
30	100
31	32
31	34
31	35
31	38
31	39
31	41
31	42
31	43
31	45
31	47
31	50
31	52
31	53
31	54
31	57
31	61
31	62
31	63
31	65
31	66
31	73
31	76
31	78
31	79
31	80
31	82
31	83
31	84
31	85
31	87
31	88
31	94
31	100
32	33
32	34
32	35
32	37
32	38
32	39
32	43
32	45
32	46
32	47
32	54
32	55
32	57
32	58
32	59
32	61
32	62
32	63
32	64
32	67
32	68
32	69
32	72
32	73
32	76
32	79
32	80
32	81
32	82
32	84
32	89
32	90
32	91
32	93
32	95
32	96
32	98
32	99
33	36
33	41
33	45
33	46
33	47
33	48
33	51
33	54
33	58
33	63
33	64
33	67
33	72
33	73
33	74
33	75
33	77
33	79
33	80
33	81
33	87
33	88
33	91
33	93
33	94
33	99
34	37
34	38
34	40
34	43
34	44
34	45
34	46
34	47
34	48
34	49
34	51
34	61
34	62
34	66
34	68
34	69
34	73
34	74
34	75
34	76
34	77
34	78
34	79
34	80
34	81
34	82
34	84
34	85
34	86
34	90
34	92
34	93
34	94
34	95
34	97
35	38
35	39
35	41
35	43
35	44
35	45
35	46
35	47
35	51
35	52
35	53
35	54
35	59
35	60
35	65
35	66
35	67
35	68
35	70
35	71
35	73
35	74
35	75
35	77
35	78
35	81
35	82
35	86
35	90
35	93
35	94
35	97
35	100
36	37
36	39
36	41
36	42
36	44
36	46
36	49
36	51
36	52
36	63
36	65
36	66
36	67
36	69
36	71
36	79
36	80
36	84
36	85
36	86
36	88
36	89
36	90
36	93
36	94
36	95
36	96
36	97
36	98
36	100
37	38
37	39
37	41
37	45
37	48
37	50
37	51
37	54
37	55
37	56
37	57
37	59
37	62
37	63
37	65
37	68
37	69
37	71
37	72
37	73
37	75
37	76
37	78
37	81
37	83
37	86
37	88
37	89
37	91
37	93
37	94
37	96
37	97
38	41
38	43
38	44
38	45
38	46
38	50
38	52
38	56
38	59
38	60
38	61
38	63
38	64
38	66
38	67
38	68
38	69
38	70
38	71
38	72
38	74
38	76
38	77
38	78
38	80
38	82
38	83
38	84
38	87
38	90
38	91
38	94
38	99
38	100
39	42
39	45
39	47
39	48
39	49
39	51
39	53
39	54
39	55
39	56
39	58
39	59
39	60
39	61
39	63
39	68
39	69
39	70
39	71
39	72
39	74
39	80
39	83
39	84
39	85
39	86
39	88
39	91
39	92
39	96
39	97
39	98
39	100
40	41
40	43
40	49
40	50
40	51
40	52
40	57
40	58
40	60
40	61
40	62
40	63
40	64
40	66
40	68
40	71
40	73
40	74
40	75
40	77
40	78
40	81
40	82
40	84
40	85
40	86
40	87
40	88
40	91
40	92
40	93
40	96
40	97
40	98
41	42
41	48
41	53
41	54
41	58
41	62
41	64
41	65
41	66
41	68
41	70
41	71
41	72
41	73
41	76
41	79
41	85
41	86
41	88
41	89
41	94
41	96
41	97
41	99
42	43
42	44
42	46
42	49
42	50
42	51
42	53
42	54
42	56
42	57
42	58
42	59
42	60
42	61
42	62
42	63
42	68
42	70
42	72
42	73
42	74
42	75
42	78
42	80
42	81
42	84
42	86
42	88
42	90
42	91
42	92
42	93
42	94
42	96
42	98
43	44
43	45
43	48
43	49
43	53
43	56
43	57
43	58
43	59
43	60
43	62
43	65
43	69
43	72
43	73
43	75
43	77
43	78
43	80
43	82
43	83
43	85
43	86
43	87
43	88
43	89
43	93
43	98
43	99
43	100
44	48
44	49
44	51
44	52
44	53
44	56
44	57
44	58
44	59
44	62
44	63
44	65
44	66
44	67
44	69
44	70
44	71
44	72
44	77
44	78
44	79
44	81
44	83
44	84
44	88
44	91
44	92
44	95
44	96
44	97
44	98
44	100
45	50
45	51
45	52
45	53
45	55
45	56
45	58
45	59
45	62
45	63
45	64
45	66
45	68
45	69
45	79
45	82
45	84
45	86
45	89
45	91
45	92
45	95
45	96
45	97
45	98
46	49
46	51
46	52
46	54
46	55
46	56
46	58
46	60
46	62
46	65
46	68
46	69
46	70
46	71
46	72
46	74
46	75
46	77
46	78
46	80
46	82
46	84
46	88
46	90
46	92
46	93
46	94
46	95
46	96
46	99
46	100
47	48
47	53
47	54
47	55
47	59
47	60
47	62
47	65
47	66
47	67
47	68
47	72
47	73
47	74
47	77
47	86
47	87
47	90
47	96
47	97
47	99
48	50
48	54
48	57
48	58
48	59
48	60
48	62
48	63
48	64
48	65
48	69
48	72
48	73
48	74
48	75
48	76
48	77
48	79
48	80
48	82
48	83
48	84
48	86
48	88
48	89
48	91
48	94
48	95
48	96
48	97
48	99
48	100
49	50
49	51
49	52
49	53
49	55
49	56
49	57
49	58
49	59
49	61
49	62
49	63
49	64
49	65
49	66
49	68
49	70
49	71
49	74
49	75
49	76
49	77
49	82
49	83
49	86
49	92
49	93
49	94
49	96
49	99
50	51
50	52
50	54
50	55
50	56
50	57
50	58
50	60
50	62
50	63
50	69
50	70
50	74
50	75
50	77
50	79
50	82
50	83
50	85
50	86
50	88
50	89
50	92
50	93
50	95
51	52
51	54
51	55
51	57
51	58
51	59
51	61
51	62
51	63
51	66
51	70
51	72
51	73
51	74
51	78
51	83
51	84
51	86
51	89
51	91
51	93
51	96
51	97
51	99
51	100
52	53
52	56
52	58
52	59
52	63
52	64
52	65
52	66
52	73
52	75
52	78
52	79
52	82
52	83
52	85
52	87
52	88
52	91
52	92
52	94
52	96
53	56
53	60
53	62
53	65
53	66
53	67
53	73
53	77
53	80
53	81
53	82
53	91
53	92
53	94
53	96
54	55
54	56
54	60
54	63
54	65
54	67
54	68
54	70
54	73
54	74
54	77
54	80
54	82
54	83
54	85
54	90
54	96
54	97
55	56
55	57
55	58
55	59
55	60
55	61
55	63
55	64
55	68
55	71
55	74
55	76
55	80
55	81
55	82
55	83
55	84
55	85
55	86
55	88
55	90
55	93
55	94
55	95
55	97
55	98
55	99
55	100
56	57
56	58
56	59
56	60
56	61
56	63
56	64
56	65
56	66
56	67
56	70
56	72
56	76
56	79
56	80
56	82
56	84
56	86
56	87
56	93
56	94
56	96
56	99
56	100
57	58
57	60
57	61
57	63
57	67
57	69
57	70
57	71
57	72
57	73
57	74
57	78
57	79
57	80
57	81
57	83
57	85
57	87
57	88
57	90
57	92
57	95
57	99
57	100
58	59
58	60
58	61
58	62
58	65
58	69
58	70
58	71
58	76
58	77
58	78
58	82
58	83
58	84
58	85
58	89
58	91
58	92
58	93
58	95
58	96
58	97
58	98
59	60
59	62
59	63
59	64
59	65
59	67
59	68
59	72
59	73
59	77
59	80
59	81
59	82
59	87
59	89
59	90
59	91
59	93
59	95
59	98
59	100
60	62
60	63
60	65
60	68
60	70
60	74
60	76
60	78
60	79
60	82
60	83
60	84
60	87
60	88
60	89
60	90
60	92
60	95
60	96
60	98
60	99
61	63
61	67
61	69
61	71
61	75
61	76
61	77
61	81
61	83
61	86
61	90
61	94
61	99
61	100
62	66
62	68
62	72
62	75
62	76
62	78
62	79
62	80
62	83
62	85
62	87
62	90
62	92
62	93
62	94
62	97
62	98
62	100
63	64
63	66
63	68
63	69
63	70
63	71
63	75
63	76
63	77
63	80
63	81
63	82
63	85
63	88
63	94
63	96
64	65
64	66
64	67
64	68
64	69
64	70
64	71
64	76
64	77
64	78
64	80
64	82
64	83
64	84
64	85
64	87
64	88
64	89
64	90
64	95
64	96
64	97
64	99
65	66
65	68
65	74
65	75
65	78
65	79
65	80
65	85
65	91
65	92
65	97
66	67
66	68
66	73
66	74
66	75
66	77
66	79
66	82
66	83
66	86
66	87
66	88
66	92
66	93
66	94
66	96
66	99
66	100
67	70
67	74
67	76
67	79
67	81
67	83
67	84
67	85
67	86
67	87
67	88
67	91
67	94
67	96
67	98
67	100
68	69
68	71
68	72
68	75
68	83
68	85
68	91
68	92
68	93
68	94
68	95
68	98
68	100
69	70
69	74
69	75
69	76
69	80
69	81
69	82
69	83
69	84
69	85
69	86
69	87
69	88
69	89
69	93
69	96
69	98
69	100
70	71
70	72
70	73
70	74
70	76
70	77
70	78
70	86
70	87
70	89
70	90
70	91
70	92
70	94
70	95
70	96
70	98
70	99
71	72
71	74
71	76
71	77
71	79
71	85
71	86
71	88
71	89
71	91
71	94
71	95
71	97
72	73
72	74
72	75
72	77
72	81
72	84
72	85
72	86
72	87
72	90
72	91
72	92
72	94
72	95
72	96
72	99
72	100
73	76
73	77
73	78
73	82
73	83
73	84
73	85
73	88
73	92
73	94
73	95
73	96
74	75
74	76
74	77
74	79
74	80
74	81
74	86
74	87
74	90
74	91
74	97
75	77
75	78
75	79
75	80
75	82
75	83
75	84
75	85
75	86
75	90
75	92
75	93
75	94
75	95
75	97
75	98
75	100
76	77
76	80
76	81
76	82
76	86
76	87
76	89
76	90
76	91
76	92
76	93
76	96
76	99
76	100
77	78
77	79
77	80
77	81
77	91
77	94
77	100
78	79
78	80
78	83
78	84
78	85
78	86
78	87
78	88
78	91
78	93
78	96
78	98
78	99
79	81
79	85
79	86
79	87
79	89
79	90
79	92
79	94
79	95
79	97
79	98
79	99
79	100
80	83
80	85
80	87
80	88
80	89
80	90
80	91
80	92
80	95
80	96
80	97
80	98
80	100
81	87
81	89
81	92
81	93
81	94
81	95
81	96
81	98
81	99
81	100
82	86
82	87
82	88
82	89
82	91
82	98
82	99
82	100
83	84
83	87
83	89
83	92
83	93
83	94
83	95
83	96
83	97
83	98
83	100
84	85
84	87
84	88
84	89
84	91
84	94
84	96
84	100
85	86
85	89
85	91
85	93
85	96
85	98
85	100
86	89
86	90
86	92
86	94
86	96
86	98
86	99
86	100
87	88
87	91
87	93
87	94
87	97
87	98
87	99
88	89
88	91
88	92
88	93
88	94
88	95
88	98
88	99
89	90
89	92
89	93
89	94
89	95
89	99
89	100
90	91
90	92
90	93
90	97
90	99
90	100
91	92
91	93
91	95
91	96
91	97
91	98
91	99
92	93
92	94
93	94
93	95
93	98
93	100
94	95
94	96
94	99
95	97
95	100
96	99
98	99
98	100
99	100
