100 2472
61
55
54
47
47
52
46
47
57
58
44
44
44
52
49
57
52
50
55
50
47
46
52
59
49
46
50
49
54
52
51
42
56
51
47
47
52
52
46
50
42
57
52
46
61
47
52
49
49
45
48
46
53
49
58
51
49
47
52
49
37
56
52
48
47
51
52
49
44
52
48
47
39
42
43
52
45
46
50
54
53
46
44
46
52
40
50
51
47
51
49
47
48
56
51
43
50
60
49
43
54
1	2
1	5
1	8
1	10
1	14
1	15
1	16
1	18
1	20
1	21
1	23
1	24
1	27
1	28
1	30
1	31
1	32
1	33
1	35
1	36
1	38
1	41
1	42
1	43
1	44
1	50
1	53
1	54
1	56
1	57
1	58
1	59
1	60
1	61
1	62
1	63
1	65
1	67
1	69
1	74
1	75
1	78
1	80
1	81
1	83
1	84
1	85
1	86
1	88
1	90
1	92
1	93
1	94
1	95
1	100
2	3
2	4
2	5
2	6
2	7
2	9
2	12
2	13
2	15
2	16
2	18
2	21
2	23
2	25
2	27
2	30
2	31
2	32
2	33
2	35
2	38
2	39
2	40
2	41
2	44
2	45
2	46
2	48
2	52
2	55
2	56
2	58
2	63
2	64
2	65
2	67
2	68
2	69
2	71
2	73
2	74
2	79
2	80
2	82
2	84
2	85
2	88
2	89
2	92
2	93
2	94
2	98
2	100
3	9
3	11
3	13
3	14
3	15
3	17
3	18
3	19
3	21
3	22
3	23
3	28
3	29
3	31
3	32
3	33
3	34
3	47
3	50
3	51
3	55
3	56
3	57
3	58
3	59
3	60
3	64
3	65
3	66
3	67
3	71
3	72
3	74
3	75
3	76
3	77
3	80
3	82
3	83
3	84
3	87
3	89
3	90
3	93
3	95
3	97
4	7
4	9
4	10
4	13
4	14
4	15
4	16
4	18
4	26
4	29
4	33
4	34
4	35
4	36
4	37
4	38
4	39
4	40
4	41
4	42
4	44
4	47
4	51
4	52
4	53
4	56
4	58
4	59
4	61
4	62
4	63
4	66
4	68
4	70
4	72
4	74
4	77
4	78
4	83
4	85
4	87
4	91
4	92
4	93
4	94
4	96
5	6
5	9
5	11
5	14
5	15
5	17
5	19
5	21
5	24
5	25
5	27
5	28
5	29
5	30
5	31
5	36
5	39
5	40
5	41
5	42
5	44
5	46
5	47
5	48
5	50
5	53
5	54
5	56
5	60
5	62
5	64
5	66
5	67
5	68
5	69
5	72
5	74
5	75
5	77
5	78
5	79
5	80
5	83
5	84
5	89
5	91
5	92
5	97
5	98
5	99
6	7
6	11
6	14
6	15
6	16
6	17
6	18
6	20
6	21
6	24
6	26
6	27
6	28
6	32
6	33
6	37
6	41
6	43
6	45
6	46
6	50
6	54
6	55
6	57
6	61
6	62
6	63
6	66
6	67
6	68
6	71
6	80
6	81
6	83
6	84
6	85
6	86
6	87
6	88
6	91
6	92
6	95
6	96
6	100
7	8
7	10
7	13
7	14
7	17
7	18
7	24
7	27
7	31
7	32
7	34
7	37
7	40
7	41
7	42
7	44
7	46
7	48
7	50
7	52
7	53
7	56
7	57
7	60
7	61
7	65
7	67
7	70
7	73
7	74
7	76
7	79
7	80
7	83
7	84
7	85
7	87
7	88
7	89
7	92
7	93
7	94
7	96
7	97
8	9
8	11
8	12
8	13
8	14
8	16
8	17
8	19
8	22
8	23
8	24
8	25
8	26
8	30
8	31
8	32
8	33
8	36
8	37
8	38
8	39
8	42
8	44
8	45
8	46
8	50
8	51
8	56
8	57
8	58
8	59
8	60
8	61
8	64
8	65
8	66
8	69
8	70
8	71
8	72
8	74
8	78
8	80
8	81
8	82
8	83
8	84
8	86
8	88
8	89
8	90
8	93
8	95
8	96
8	98
9	11
9	13
9	15
9	16
9	21
9	23
9	24
9	25
9	26
9	28
9	30
9	32
9	33
9	34
9	35
9	36
9	37
9	39
9	40
9	41
9	42
9	44
9	45
9	47
9	48
9	49
9	50
9	51
9	52
9	54
9	55
9	56
9	57
9	58
9	61
9	63
9	64
9	66
9	68
9	71
9	72
9	73
9	75
9	78
9	80
9	83
9	88
9	89
9	91
9	93
9	97
9	98
9	100
10	11
10	12
10	14
10	16
10	19
10	20
10	21
10	25
10	28
10	29
10	30
10	32
10	34
10	35
10	40
10	42
10	44
10	46
10	49
10	53
10	58
10	59
10	60
10	61
10	62
10	70
10	73
10	75
10	76
10	78
10	79
10	81
10	82
10	84
10	86
10	87
10	89
10	92
10	94
10	98
10	100
11	14
11	15
11	16
11	20
11	21
11	22
11	23
11	26
11	29
11	31
11	32
11	37
11	38
11	41
11	42
11	43
11	45
11	47
11	49
11	52
11	53
11	57
11	62
11	68
11	72
11	73
11	75
11	77
11	79
11	86
11	87
11	92
11	93
11	94
11	95
11	96
11	97
11	98
12	14
12	15
12	16
12	17
12	18
12	19
12	20
12	23
12	25
12	31
12	32
12	33
12	34
12	35
12	36
12	41
12	42
12	47
12	49
12	55
12	56
12	58
12	60
12	62
12	64
12	66
12	72
12	75
12	77
12	79
12	82
12	83
12	86
12	89
12	90
12	91
12	93
12	94
12	97
12	98
12	99
13	14
13	18
13	20
13	21
13	26
13	28
13	29
13	31
13	33
13	37
13	38
13	39
13	40
13	41
13	44
13	45
13	47
13	49
13	50
13	51
13	55
13	56
13	57
13	58
13	61
13	63
13	66
13	67
13	69
13	70
13	71
13	72
13	74
13	75
13	77
13	78
13	80
13	81
13	85
13	86
13	90
13	91
13	94
13	97
13	98
13	100
14	15
14	18
14	19
14	23
14	26
14	27
14	29
14	31
14	32
14	35
14	36
14	39
14	44
14	45
14	46
14	47
14	48
14	51
14	52
14	53
14	54
14	55
14	59
14	60
14	63
14	64
14	68
14	71
14	72
14	73
14	75
14	79
14	84
14	86
14	87
14	93
14	99
14	100
15	17
15	18
15	21
15	22
15	23
15	24
15	27
15	28
15	29
15	30
15	32
15	33
15	34
15	35
15	38
15	42
15	43
15	44
15	46
15	47
15	48
15	49
15	50
15	52
15	54
15	55
15	58
15	59
15	63
15	67
15	69
15	70
15	71
15	73
15	74
15	76
15	78
15	81
15	84
15	86
15	87
15	89
15	90
15	91
15	93
15	95
15	97
16	21
16	22
16	23
16	25
16	27
16	28
16	32
16	34
16	36
16	37
16	38
16	39
16	41
16	45
16	46
16	49
16	50
16	52
16	54
16	62
16	64
16	65
16	66
16	69
16	71
16	72
16	73
16	76
16	78
16	79
16	81
16	82
16	83
16	85
16	88
16	90
16	91
16	93
16	94
16	95
16	96
16	97
16	98
17	19
17	20
17	22
17	23
17	24
17	26
17	27
17	29
17	30
17	32
17	37
17	38
17	43
17	44
17	46
17	49
17	53
17	56
17	57
17	60
17	61
17	62
17	63
17	64
17	66
17	67
17	69
17	70
17	71
17	72
17	76
17	78
17	79
17	80
17	82
17	84
17	86
17	87
17	88
17	89
17	92
17	95
17	96
18	19
18	25
18	26
18	27
18	29
18	30
18	31
18	34
18	35
18	36
18	38
18	39
18	40
18	43
18	44
18	45
18	46
18	47
18	48
18	49
18	54
18	55
18	57
18	60
18	62
18	63
18	68
18	69
18	73
18	75
18	77
18	78
18	79
18	82
18	83
18	86
18	87
18	91
18	92
18	93
18	95
18	96
18	97
18	98
18	99
19	20
19	22
19	23
19	28
19	29
19	30
19	32
19	34
19	37
19	38
19	42
19	44
19	47
19	48
19	51
19	52
19	53
19	54
19	55
19	56
19	58
19	61
19	67
19	68
19	69
19	70
19	71
19	74
19	77
19	79
19	80
19	81
19	85
19	88
19	89
19	91
19	93
19	94
19	96
19	97
19	98
19	100
20	21
20	22
20	23
20	24
20	25
20	27
20	28
20	29
20	33
20	40
20	41
20	42
20	44
20	46
20	47
20	49
20	51
20	55
20	56
20	62
20	63
20	69
20	70
20	75
20	76
20	77
20	79
20	84
20	85
20	86
20	87
20	88
20	89
20	90
20	91
20	92
20	94
20	95
20	97
21	23
21	25
21	26
21	33
21	34
21	37
21	38
21	40
21	43
21	44
21	50
21	54
21	55
21	58
21	62
21	65
21	67
21	69
21	72
21	73
21	75
21	77
21	79
21	80
21	83
21	88
21	89
21	90
21	91
21	92
21	93
21	94
21	97
21	99
22	23
22	25
22	28
22	30
22	32
22	33
22	35
22	36
22	37
22	38
22	39
22	43
22	44
22	46
22	48
22	51
22	52
22	56
22	57
22	58
22	59
22	60
22	61
22	62
22	64
22	67
22	68
22	69
22	70
22	71
22	73
22	75
22	76
22	78
22	79
22	81
22	84
22	85
22	86
22	89
22	90
22	92
22	96
22	99
23	25
23	26
23	27
23	30
23	31
23	34
23	35
23	36
23	37
23	40
23	41
23	43
23	44
23	45
23	50
23	51
23	52
23	53
23	55
23	57
23	60
23	62
23	65
23	68
23	69
23	71
23	73
23	74
23	75
23	78
23	79
23	80
23	85
23	87
23	88
23	90
23	91
23	92
23	93
23	94
23	96
23	97
23	99
23	100
24	25
24	29
24	30
24	31
24	32
24	33
24	35
24	38
24	41
24	42
24	43
24	44
24	45
24	47
24	52
24	54
24	55
24	56
24	57
24	58
24	59
24	63
24	64
24	67
24	70
24	71
24	72
24	75
24	77
24	79
24	82
24	83
24	85
24	87
24	90
24	95
24	96
24	98
24	99
24	100
25	26
25	28
25	30
25	31
25	32
25	34
25	36
25	37
25	38
25	45
25	46
25	48
25	51
25	53
25	54
25	56
25	57
25	62
25	63
25	65
25	66
25	67
25	68
25	73
25	76
25	80
25	82
25	87
25	88
25	89
25	92
25	94
25	99
26	27
26	28
26	29
26	31
26	32
26	33
26	35
26	36
26	37
26	47
26	49
26	51
26	52
26	53
26	54
26	55
26	56
26	58
26	59
26	60
26	65
26	66
26	70
26	71
26	73
26	77
26	81
26	83
26	85
26	87
26	88
26	89
26	90
26	91
26	93
26	94
26	97
26	99
27	28
27	30
27	31
27	33
27	37
27	39
27	40
27	41
27	43
27	45
27	47
27	52
27	54
27	55
27	56
27	57
27	59
27	61
27	63
27	65
27	67
27	71
27	72
27	75
27	76
27	77
27	78
27	79
27	81
27	82
27	93
27	94
27	95
27	97
27	98
27	99
28	29
28	32
28	33
28	34
28	37
28	41
28	42
28	43
28	44
28	46
28	47
28	48
28	49
28	50
28	51
28	52
28	53
28	55
28	58
28	60
28	61
28	62
28	64
28	65
28	66
28	69
28	72
28	78
28	81
28	84
28	85
28	86
28	88
28	89
28	90
28	91
28	97
28	99
28	100
29	30
29	31
29	34
29	35
29	36
29	37
29	39
29	41
29	42
29	43
29	44
29	45
29	50
29	52
29	54
29	56
29	57
29	61
29	62
29	65
29	66
29	67
29	72
29	73
29	74
29	78
29	79
29	80
29	81
29	82
29	83
29	86
29	87
29	89
29	92
29	95
29	98
30	32
30	33
30	34
30	36
30	40
30	45
30	46
30	47
30	48
30	49
30	51
30	54
30	56
30	57
30	59
30	60
30	63
30	64
30	65
30	66
30	67
30	70
30	71
30	73
30	79
30	85
30	86
30	87
30	88
30	89
30	90
30	91
30	96
30	97
30	99
31	33
31	34
31	36
31	37
31	38
31	39
31	43
31	46
31	53
31	59
31	62
31	65
31	68
31	69
31	71
31	74
31	75
31	80
31	81
31	84
31	86
31	90
31	91
31	97
31	100
32	34
32	36
32	40
32	41
32	43
32	46
32	47
32	49
32	52
32	53
32	54
32	55
32	56
32	57
32	59
32	61
32	64
32	65
32	67
32	68
32	70
32	71
32	73
32	75
32	77
32	78
32	82
32	84
32	86
32	87
32	89
32	90
32	94
32	96
32	97
33	34
33	36
33	38
33	40
33	41
33	43
33	44
33	45
33	46
33	47
33	48
33	53
33	54
33	56
33	57
33	60
33	66
33	71
33	72
33	74
33	75
33	77
33	80
33	82
33	84
33	85
33	87
33	89
33	91
33	96
33	99
33	100
34	37
34	38
34	39
34	42
34	48
34	50
34	51
34	52
34	55
34	57
34	59
34	62
34	63
34	64
34	65
34	66
34	67
34	75
34	78
34	79
34	81
34	82
34	84
34	89
34	91
34	92
34	93
34	99
35	37
35	40
35	41
35	42
35	43
35	44
35	45
35	49
35	50
35	52
35	55
35	57
35	58
35	59
35	60
35	61
35	63
35	70
35	71
35	72
35	73
35	74
35	75
35	78
35	80
35	81
35	82
35	84
35	89
35	93
35	97
35	98
35	100
36	41
36	42
36	43
36	46
36	47
36	49
36	53
36	54
36	56
36	58
36	60
36	65
36	66
36	71
36	72
36	74
36	75
36	76
36	79
36	80
36	82
36	83
36	84
36	85
36	87
36	88
36	89
36	90
36	92
36	93
36	94
36	96
36	98
36	99
37	40
37	43
37	44
37	47
37	48
37	49
37	50
37	52
37	54
37	60
37	62
37	65
37	66
37	69
37	71
37	72
37	73
37	75
37	77
37	78
37	79
37	82
37	83
37	84
37	87
37	89
37	92
37	93
37	94
37	95
37	98
38	39
38	41
38	43
38	46
38	47
38	48
38	53
38	57
38	58
38	59
38	61
38	64
38	66
38	67
38	70
38	77
38	79
38	81
38	82
38	85
38	88
38	90
38	91
38	93
38	94
38	95
38	97
38	100
39	41
39	42
39	43
39	46
39	50
39	51
39	52
39	53
39	54
39	55
39	56
39	57
39	61
39	62
39	63
39	65
39	67
39	68
39	69
39	70
39	75
39	78
39	81
39	82
39	87
39	88
39	89
39	90
39	91
39	92
39	96
39	97
39	98
39	99
39	100
40	42
40	44
40	50
40	51
40	52
40	53
40	56
40	59
40	61
40	63
40	66
40	69
40	70
40	71
40	72
40	76
40	77
40	81
40	82
40	84
40	88
40	89
40	90
40	91
40	96
41	43
41	44
41	46
41	47
41	48
41	50
41	52
41	54
41	55
41	56
41	58
41	61
41	62
41	63
41	65
41	66
41	67
41	68
41	71
41	74
41	75
41	77
41	78
41	79
41	80
41	82
41	84
41	85
41	86
41	89
41	92
41	93
41	94
41	100
42	43
42	44
42	45
42	46
42	48
42	49
42	52
42	54
42	58
42	59
42	61
42	62
42	63
42	65
42	69
42	70
42	71
42	74
42	75
42	79
42	80
42	83
42	84
42	85
42	86
42	89
42	90
42	91
42	93
42	94
42	95
42	96
43	44
43	45
43	47
43	50
43	51
43	52
43	61
43	65
43	68
43	69
43	74
43	76
43	77
43	79
43	80
43	81
43	82
43	88
43	89
43	90
43	93
43	97
43	100
44	45
44	46
44	47
44	49
44	52
44	54
44	56
44	57
44	61
44	62
44	63
44	64
44	65
44	66
44	68
44	74
44	76
44	77
44	79
44	80
44	82
44	84
44	85
44	86
44	87
44	88
44	89
44	90
44	91
44	93
44	95
44	98
44	99
45	47
45	49
45	50
45	53
45	54
45	55
45	57
45	58
45	61
45	62
45	67
45	72
45	75
45	76
45	79
45	81
45	83
45	84
45	85
45	92
45	93
45	94
45	95
45	96
45	97
45	98
45	99
46	47
46	51
46	53
46	54
46	55
46	56
46	59
46	61
46	62
46	64
46	65
46	66
46	67
46	69
46	71
46	73
46	74
46	75
46	81
46	82
46	85
46	86
46	88
46	89
46	91
46	94
46	98
47	48
47	49
47	54
47	56
47	59
47	60
47	63
47	66
47	68
47	76
47	77
47	78
47	79
47	80
47	83
47	85
47	88
47	91
47	94
47	96
47	97
47	100
48	51
48	53
48	54
48	55
48	57
48	58
48	60
48	62
48	63
48	64
48	65
48	66
48	70
48	71
48	72
48	75
48	76
48	77
48	78
48	79
48	80
48	82
48	86
48	87
48	88
48	93
48	94
48	97
48	98
48	100
49	50
49	53
49	54
49	55
49	58
49	60
49	61
49	67
49	68
49	69
49	70
49	71
49	75
49	77
49	79
49	82
49	83
49	85
49	86
49	88
49	92
49	93
49	97
49	98
50	53
50	54
50	55
50	56
50	59
50	61
50	64
50	65
50	72
50	74
50	79
50	81
50	82
50	84
50	86
50	87
50	89
50	91
50	92
50	93
50	95
50	96
50	97
50	99
50	100
51	54
51	55
51	58
51	61
51	63
51	64
51	67
51	75
51	76
51	77
51	80
51	81
51	83
51	84
51	85
51	88
51	90
51	91
51	92
51	93
51	94
51	95
51	96
51	97
51	98
51	100
52	53
52	54
52	55
52	56
52	60
52	62
52	63
52	65
52	68
52	69
52	71
52	74
52	75
52	76
52	77
52	78
52	79
52	84
52	87
52	88
52	89
52	90
52	91
52	95
52	96
52	99
52	100
53	56
53	58
53	59
53	62
53	63
53	64
53	65
53	67
53	68
53	69
53	74
53	75
53	78
53	82
53	83
53	84
53	88
53	89
53	94
53	97
53	98
53	99
53	100
54	56
54	59
54	61
54	62
54	63
54	65
54	66
54	67
54	68
54	69
54	70
54	72
54	75
54	78
54	80
54	83
54	86
54	87
54	90
54	92
54	93
54	94
54	96
54	97
54	99
54	100
55	56
55	59
55	61
55	66
55	67
55	69
55	70
55	76
55	78
55	81
55	82
55	84
55	85
55	86
55	87
55	90
55	93
55	94
55	95
55	96
55	97
55	98
56	58
56	62
56	64
56	66
56	67
56	68
56	70
56	76
56	80
56	83
56	90
56	92
56	93
56	97
56	100
57	58
57	61
57	63
57	65
57	68
57	69
57	72
57	74
57	75
57	76
57	79
57	80
57	81
57	86
57	87
57	90
57	92
57	93
57	95
57	97
57	99
58	59
58	60
58	61
58	62
58	64
58	65
58	67
58	71
58	76
58	80
58	81
58	82
58	83
58	84
58	86
58	89
58	92
58	93
58	94
58	96
58	97
58	98
58	99
58	100
59	60
59	61
59	63
59	64
59	66
59	69
59	70
59	72
59	73
59	74
59	76
59	78
59	80
59	82
59	83
59	86
59	87
59	88
59	90
59	95
59	97
59	98
59	99
60	62
60	63
60	73
60	75
60	78
60	79
60	83
60	86
60	93
60	94
60	96
60	100
61	63
61	66
61	69
61	71
61	73
61	74
61	76
61	77
61	78
61	80
61	84
61	86
61	87
61	88
61	91
61	92
61	93
61	94
61	95
61	96
61	97
61	99
61	100
62	63
62	64
62	66
62	68
62	69
62	70
62	72
62	74
62	76
62	77
62	80
62	81
62	83
62	84
62	89
62	92
62	94
62	95
62	96
63	64
63	65
63	66
63	68
63	69
63	72
63	73
63	75
63	76
63	78
63	81
63	88
63	89
63	95
63	96
64	65
64	67
64	70
64	74
64	77
64	78
64	79
64	80
64	81
64	83
64	85
64	86
64	88
64	89
64	93
64	94
64	95
64	97
64	99
64	100
65	66
65	68
65	69
65	70
65	71
65	78
65	80
65	81
65	83
65	84
65	85
65	87
65	89
65	90
65	92
65	93
65	94
66	68
66	72
66	73
66	77
66	79
66	81
66	86
66	87
66	88
66	89
66	90
66	92
66	93
66	95
66	96
66	98
66	99
66	100
67	69
67	70
67	71
67	73
67	74
67	77
67	78
67	79
67	80
67	83
67	84
67	91
67	94
67	96
67	97
67	99
67	100
68	69
68	71
68	75
68	76
68	79
68	83
68	85
68	90
68	91
68	92
68	93
68	96
68	97
68	99
68	100
69	70
69	71
69	73
69	76
69	77
69	79
69	84
69	87
69	88
69	89
69	91
69	92
69	95
69	97
69	98
69	99
69	100
70	72
70	74
70	75
70	78
70	81
70	84
70	85
70	87
70	88
70	89
70	91
70	92
70	93
70	95
70	96
70	98
70	99
70	100
71	76
71	78
71	80
71	81
71	82
71	85
71	86
71	90
71	94
71	95
71	96
72	75
72	76
72	77
72	79
72	87
72	89
72	96
72	100
73	74
73	75
73	77
73	79
73	80
73	81
73	83
73	84
73	86
73	87
73	88
73	90
73	91
73	98
73	100
74	75
74	78
74	79
74	81
74	83
74	85
74	86
74	88
74	92
74	96
74	99
75	78
75	80
75	82
75	83
75	85
75	86
75	92
75	95
75	97
75	99
76	77
76	80
76	82
76	84
76	85
76	86
76	87
76	89
76	90
76	92
76	93
76	95
76	97
76	98
77	78
77	80
77	81
77	84
77	86
77	88
77	90
77	94
77	96
77	97
77	98
78	80
78	82
78	83
78	85
78	88
78	89
78	92
78	93
78	96
78	98
79	80
79	84
79	86
79	87
79	89
79	90
79	91
79	92
79	96
79	97
79	100
80	82
80	83
80	85
80	87
80	90
80	94
80	95
80	97
80	98
80	100
81	83
81	84
81	88
81	89
81	90
81	94
81	96
81	98
81	100
82	86
82	87
82	92
82	94
82	95
82	97
82	100
83	86
83	87
83	91
83	93
83	94
83	96
83	100
84	86
84	89
84	91
84	93
84	94
84	97
84	98
84	99
84	100
85	88
85	97
85	98
86	87
86	89
86	90
86	91
86	95
86	98
87	90
87	92
87	93
87	94
87	96
87	97
87	98
87	100
88	91
88	93
88	97
88	98
88	100
89	90
90	92
90	96
90	97
90	98
90	99
91	92
91	93
91	95
91	96
91	97
91	99
91	100
92	95
92	98
92	100
93	94
93	95
93	96
93	97
93	100
94	95
94	97
94	98
94	99
94	100
95	99
95	100
96	97
96	98
96	100
97	98
97	99
97	100
98	99
98	100
99	100
