100 2467
61
41
53
49
46
51
50
50
53
47
47
54
50
49
50
47
55
47
43
49
42
48
51
47
40
51
54
54
41
43
42
57
52
56
45
37
56
50
47
45
56
48
48
51
53
49
55
41
52
49
45
48
49
54
57
48
55
50
49
56
55
51
51
46
44
44
44
38
53
52
52
45
49
52
44
53
43
44
56
47
48
55
50
45
45
45
49
54
51
56
46
57
57
51
48
61
51
45
52
52
51
1	3
1	9
1	12
1	13
1	14
1	19
1	22
1	25
1	27
1	29
1	33
1	34
1	35
1	37
1	39
1	42
1	43
1	46
1	47
1	48
1	49
1	51
1	52
1	53
1	55
1	58
1	59
1	60
1	63
1	65
1	66
1	67
1	68
1	69
1	72
1	78
1	84
1	92
1	94
1	95
1	100
2	3
2	4
2	7
2	10
2	13
2	17
2	20
2	21
2	22
2	23
2	24
2	26
2	27
2	28
2	31
2	34
2	36
2	37
2	38
2	43
2	44
2	45
2	46
2	47
2	49
2	52
2	53
2	55
2	59
2	60
2	61
2	63
2	70
2	71
2	73
2	74
2	75
2	76
2	78
2	81
2	82
2	85
2	87
2	89
2	90
2	91
2	92
2	94
2	95
2	96
2	97
2	99
2	100
3	5
3	7
3	8
3	9
3	10
3	11
3	14
3	16
3	19
3	20
3	21
3	28
3	30
3	37
3	38
3	40
3	42
3	43
3	45
3	46
3	48
3	52
3	55
3	56
3	57
3	58
3	59
3	60
3	61
3	63
3	68
3	69
3	70
3	71
3	72
3	73
3	75
3	76
3	79
3	81
3	89
3	90
3	91
3	92
3	94
3	95
3	96
4	5
4	6
4	8
4	10
4	15
4	16
4	20
4	23
4	25
4	26
4	28
4	30
4	31
4	32
4	34
4	35
4	36
4	39
4	40
4	43
4	44
4	46
4	50
4	51
4	54
4	61
4	63
4	64
4	65
4	67
4	72
4	77
4	79
4	81
4	82
4	83
4	84
4	85
4	86
4	89
4	90
4	91
4	93
4	94
4	96
5	6
5	7
5	8
5	9
5	11
5	12
5	13
5	16
5	18
5	23
5	24
5	25
5	27
5	29
5	31
5	33
5	34
5	35
5	36
5	37
5	38
5	40
5	47
5	48
5	50
5	59
5	62
5	63
5	64
5	65
5	68
5	69
5	70
5	71
5	72
5	73
5	75
5	76
5	80
5	81
5	84
5	85
5	86
5	90
5	92
5	95
5	96
5	97
5	98
6	8
6	9
6	10
6	11
6	12
6	14
6	15
6	16
6	17
6	19
6	23
6	24
6	25
6	27
6	29
6	31
6	33
6	34
6	35
6	37
6	38
6	39
6	41
6	42
6	45
6	49
6	50
6	51
6	52
6	55
6	56
6	57
6	58
6	60
6	68
6	70
6	77
6	78
6	80
6	81
6	83
6	86
6	89
6	91
6	92
6	94
6	98
6	99
7	8
7	11
7	12
7	15
7	19
7	20
7	22
7	23
7	26
7	30
7	33
7	36
7	38
7	39
7	41
7	43
7	45
7	46
7	48
7	49
7	50
7	52
7	53
7	61
7	69
7	70
7	71
7	73
7	74
7	77
7	80
7	81
7	82
7	84
7	85
7	86
7	88
7	89
7	90
7	91
7	92
7	93
7	95
7	96
7	97
7	98
7	100
8	9
8	10
8	11
8	12
8	13
8	14
8	18
8	20
8	21
8	22
8	23
8	24
8	25
8	26
8	30
8	31
8	32
8	33
8	36
8	41
8	54
8	56
8	59
8	62
8	63
8	64
8	65
8	66
8	67
8	69
8	70
8	71
8	74
8	75
8	76
8	81
8	82
8	84
8	85
8	86
8	88
8	89
8	90
8	93
8	96
8	97
8	98
8	100
9	10
9	12
9	15
9	17
9	18
9	19
9	20
9	22
9	23
9	24
9	30
9	31
9	32
9	42
9	43
9	45
9	46
9	47
9	48
9	49
9	50
9	52
9	53
9	54
9	56
9	61
9	62
9	66
9	68
9	70
9	73
9	75
9	78
9	81
9	83
9	84
9	86
9	87
9	90
9	92
9	95
9	100
10	11
10	13
10	16
10	17
10	18
10	19
10	20
10	24
10	26
10	28
10	32
10	33
10	34
10	37
10	38
10	42
10	43
10	44
10	45
10	46
10	48
10	49
10	50
10	53
10	55
10	56
10	59
10	60
10	61
10	65
10	67
10	69
10	75
10	78
10	85
10	86
10	90
10	91
10	93
10	94
10	98
11	13
11	14
11	17
11	18
11	19
11	22
11	26
11	31
11	32
11	34
11	35
11	37
11	40
11	42
11	43
11	44
11	45
11	46
11	47
11	48
11	50
11	52
11	53
11	56
11	57
11	58
11	59
11	62
11	68
11	70
11	71
11	72
11	73
11	74
11	75
11	76
11	77
11	80
11	81
11	82
11	83
11	84
11	90
11	95
11	96
11	97
11	99
11	100
12	15
12	16
12	18
12	19
12	24
12	26
12	27
12	30
12	31
12	33
12	40
12	41
12	42
12	45
12	47
12	48
12	49
12	50
12	52
12	53
12	54
12	55
12	56
12	57
12	59
12	61
12	62
12	66
12	69
12	71
12	72
12	73
12	76
12	77
12	78
12	87
12	89
12	92
12	93
12	95
12	96
12	97
12	98
12	99
13	15
13	16
13	17
13	21
13	22
13	25
13	26
13	27
13	28
13	29
13	30
13	33
13	36
13	37
13	38
13	39
13	40
13	45
13	51
13	53
13	55
13	58
13	59
13	60
13	61
13	64
13	67
13	68
13	69
13	70
13	72
13	73
13	75
13	76
13	78
13	83
13	85
13	88
13	89
13	91
13	92
13	95
13	99
14	17
14	18
14	21
14	22
14	23
14	26
14	27
14	30
14	31
14	32
14	35
14	36
14	37
14	38
14	40
14	42
14	43
14	44
14	49
14	54
14	55
14	56
14	57
14	59
14	60
14	61
14	62
14	63
14	64
14	66
14	68
14	71
14	77
14	78
14	79
14	80
14	81
14	84
14	88
14	89
14	90
14	92
14	96
14	98
14	99
15	18
15	21
15	22
15	25
15	30
15	32
15	35
15	36
15	37
15	39
15	40
15	42
15	43
15	44
15	53
15	54
15	57
15	58
15	59
15	61
15	62
15	66
15	70
15	72
15	74
15	75
15	76
15	80
15	81
15	83
15	84
15	85
15	87
15	91
15	92
15	93
15	95
15	96
15	97
15	98
15	100
16	17
16	19
16	22
16	23
16	25
16	29
16	30
16	31
16	32
16	34
16	36
16	37
16	38
16	40
16	41
16	44
16	45
16	47
16	48
16	49
16	51
16	52
16	53
16	54
16	56
16	58
16	60
16	61
16	63
16	64
16	65
16	67
16	68
16	70
16	76
16	77
16	79
16	82
16	85
16	87
16	88
16	89
16	91
16	96
16	97
16	98
16	99
16	100
17	20
17	22
17	24
17	27
17	33
17	37
17	38
17	39
17	42
17	43
17	44
17	45
17	46
17	47
17	48
17	50
17	51
17	52
17	53
17	57
17	61
17	62
17	63
17	65
17	66
17	69
17	74
17	77
17	78
17	81
17	83
17	85
17	87
17	88
17	89
17	91
17	92
17	95
17	99
18	19
18	21
18	22
18	29
18	31
18	34
18	35
18	36
18	37
18	40
18	42
18	43
18	46
18	47
18	51
18	52
18	53
18	56
18	57
18	59
18	63
18	64
18	65
18	68
18	72
18	76
18	78
18	81
18	86
18	87
18	89
18	95
18	96
18	99
18	100
19	23
19	24
19	25
19	26
19	29
19	33
19	34
19	38
19	40
19	44
19	46
19	47
19	50
19	51
19	52
19	53
19	54
19	56
19	58
19	59
19	61
19	64
19	66
19	68
19	69
19	70
19	73
19	75
19	76
19	77
19	78
19	80
19	81
19	88
19	89
19	92
19	93
19	95
19	99
20	22
20	24
20	27
20	28
20	29
20	32
20	35
20	37
20	39
20	40
20	41
20	42
20	43
20	45
20	46
20	50
20	57
20	58
20	60
20	67
20	68
20	69
20	70
20	75
20	79
20	82
20	84
20	89
20	91
20	92
20	93
20	95
20	99
20	100
21	22
21	27
21	28
21	30
21	31
21	33
21	34
21	36
21	38
21	39
21	40
21	41
21	42
21	44
21	48
21	52
21	53
21	54
21	55
21	56
21	58
21	60
21	62
21	64
21	67
21	70
21	72
21	74
21	80
21	81
21	85
21	86
21	87
21	88
21	89
21	90
21	91
21	93
21	94
21	98
21	99
22	25
22	32
22	33
22	39
22	40
22	42
22	44
22	46
22	47
22	48
22	53
22	54
22	55
22	56
22	57
22	59
22	61
22	63
22	64
22	65
22	67
22	71
22	72
22	73
22	74
22	76
22	79
22	80
22	82
22	83
22	86
22	89
22	92
22	93
22	94
22	96
22	97
23	25
23	26
23	27
23	28
23	31
23	33
23	36
23	38
23	39
23	40
23	41
23	45
23	48
23	50
23	52
23	56
23	60
23	62
23	63
23	66
23	67
23	70
23	71
23	74
23	75
23	76
23	78
23	80
23	81
23	82
23	87
23	88
23	89
23	94
23	96
23	97
23	98
24	25
24	27
24	31
24	32
24	35
24	37
24	39
24	43
24	44
24	46
24	47
24	49
24	50
24	51
24	53
24	54
24	55
24	57
24	58
24	60
24	63
24	64
24	66
24	71
24	72
24	82
24	83
24	91
24	93
24	98
25	27
25	33
25	37
25	40
25	42
25	46
25	47
25	48
25	51
25	52
25	55
25	56
25	58
25	59
25	61
25	65
25	66
25	68
25	69
25	71
25	73
25	76
25	77
25	78
25	79
25	81
25	82
25	83
25	84
25	85
25	86
25	88
25	90
25	91
25	93
25	94
25	97
25	99
25	100
26	27
26	30
26	32
26	34
26	35
26	36
26	37
26	38
26	39
26	40
26	41
26	43
26	44
26	47
26	48
26	50
26	53
26	55
26	56
26	62
26	65
26	67
26	68
26	70
26	71
26	73
26	74
26	76
26	79
26	82
26	83
26	84
26	85
26	89
26	90
26	91
26	92
26	93
26	95
26	96
26	97
26	98
26	100
27	30
27	33
27	38
27	40
27	41
27	42
27	44
27	45
27	49
27	50
27	52
27	53
27	55
27	57
27	58
27	59
27	62
27	63
27	64
27	65
27	66
27	68
27	69
27	74
27	75
27	78
27	81
27	82
27	84
27	85
27	86
27	87
27	90
27	91
27	92
27	93
27	95
27	96
27	97
27	98
28	29
28	31
28	35
28	39
28	40
28	43
28	49
28	51
28	54
28	58
28	59
28	60
28	61
28	66
28	69
28	71
28	72
28	74
28	76
28	77
28	78
28	79
28	80
28	81
28	83
28	86
28	90
28	92
28	94
28	95
28	96
28	98
28	100
29	30
29	31
29	32
29	35
29	36
29	37
29	38
29	39
29	43
29	44
29	47
29	50
29	51
29	55
29	57
29	60
29	61
29	62
29	67
29	69
29	70
29	71
29	72
29	73
29	77
29	84
29	86
29	87
29	88
29	91
29	93
29	95
29	96
29	100
30	33
30	37
30	39
30	40
30	44
30	46
30	48
30	52
30	55
30	58
30	59
30	60
30	62
30	63
30	64
30	65
30	70
30	71
30	72
30	73
30	76
30	82
30	83
30	88
30	89
30	94
30	98
30	99
31	32
31	33
31	36
31	38
31	40
31	44
31	46
31	47
31	49
31	50
31	51
31	52
31	53
31	54
31	56
31	58
31	60
31	62
31	63
31	66
31	69
31	70
31	71
31	73
31	78
31	79
31	81
31	83
31	84
31	85
31	86
31	87
31	89
31	90
31	91
31	92
31	93
31	95
31	97
31	99
31	100
32	33
32	34
32	35
32	38
32	39
32	42
32	45
32	46
32	49
32	51
32	53
32	54
32	55
32	56
32	58
32	59
32	60
32	61
32	62
32	64
32	65
32	66
32	68
32	71
32	75
32	78
32	81
32	82
32	84
32	87
32	89
32	90
32	91
32	94
32	95
32	97
32	99
32	100
33	35
33	37
33	38
33	39
33	40
33	42
33	43
33	44
33	45
33	48
33	50
33	52
33	53
33	54
33	55
33	56
33	59
33	60
33	63
33	68
33	71
33	74
33	75
33	77
33	78
33	81
33	82
33	83
33	86
33	88
33	90
33	92
33	93
33	94
33	97
33	98
33	99
33	100
34	36
34	37
34	40
34	41
34	44
34	46
34	52
34	53
34	57
34	58
34	61
34	62
34	64
34	65
34	67
34	69
34	73
34	75
34	76
34	78
34	79
34	81
34	85
34	88
34	89
34	91
34	93
34	95
34	96
34	98
34	99
34	100
35	36
35	39
35	43
35	44
35	50
35	51
35	54
35	56
35	57
35	59
35	63
35	72
35	74
35	75
35	78
35	83
35	86
35	87
35	91
35	93
35	96
35	97
36	41
36	42
36	43
36	45
36	46
36	47
36	48
36	49
36	52
36	53
36	54
36	58
36	59
36	60
36	61
36	62
36	64
36	65
36	67
36	69
36	70
36	72
36	74
36	75
36	78
36	79
36	80
36	81
36	82
36	83
36	86
36	87
36	89
36	90
36	93
36	95
36	98
36	99
36	100
37	39
37	42
37	44
37	46
37	47
37	48
37	49
37	52
37	53
37	54
37	55
37	62
37	64
37	69
37	71
37	73
37	75
37	77
37	79
37	80
37	81
37	85
37	87
37	88
37	90
37	91
37	95
37	96
37	100
38	44
38	45
38	47
38	48
38	49
38	51
38	52
38	53
38	56
38	63
38	64
38	67
38	68
38	69
38	72
38	73
38	80
38	83
38	84
38	86
38	89
38	91
38	93
38	94
38	95
38	96
38	97
38	99
39	40
39	41
39	50
39	51
39	52
39	54
39	55
39	58
39	59
39	63
39	69
39	70
39	73
39	75
39	77
39	78
39	79
39	80
39	82
39	83
39	85
39	87
39	90
39	94
39	96
40	41
40	44
40	47
40	48
40	49
40	50
40	52
40	53
40	55
40	57
40	58
40	59
40	60
40	64
40	67
40	68
40	69
40	70
40	71
40	72
40	74
40	75
40	76
40	83
40	87
40	88
40	89
40	91
40	94
40	95
40	99
40	100
41	43
41	45
41	47
41	49
41	50
41	51
41	54
41	58
41	62
41	68
41	69
41	71
41	72
41	75
41	76
41	77
41	78
41	79
41	81
41	82
41	83
41	84
41	85
41	87
41	88
41	89
41	90
41	92
41	93
41	95
41	96
41	97
41	98
41	100
42	43
42	46
42	48
42	49
42	51
42	55
42	57
42	61
42	62
42	64
42	66
42	68
42	69
42	71
42	74
42	75
42	77
42	79
42	80
42	83
42	84
42	85
42	86
42	88
42	89
42	91
42	94
42	98
43	45
43	49
43	50
43	52
43	54
43	55
43	56
43	59
43	60
43	62
43	63
43	68
43	70
43	73
43	75
43	78
43	79
43	82
43	83
43	84
43	86
43	88
43	89
43	92
43	93
43	95
43	97
43	98
43	99
44	47
44	48
44	54
44	55
44	56
44	58
44	59
44	60
44	63
44	65
44	66
44	67
44	68
44	69
44	70
44	73
44	74
44	75
44	76
44	79
44	80
44	81
44	83
44	86
44	87
44	92
44	94
44	97
44	98
44	99
45	46
45	48
45	50
45	51
45	52
45	53
45	54
45	57
45	58
45	59
45	62
45	65
45	66
45	72
45	73
45	74
45	75
45	79
45	80
45	81
45	84
45	85
45	86
45	87
45	88
45	89
45	92
45	93
45	95
46	49
46	50
46	51
46	52
46	53
46	54
46	56
46	58
46	60
46	61
46	62
46	64
46	68
46	69
46	71
46	74
46	75
46	76
46	78
46	80
46	82
46	83
46	86
46	87
46	88
46	89
46	90
46	92
46	93
46	94
46	97
46	100
47	52
47	53
47	55
47	61
47	62
47	63
47	65
47	66
47	69
47	70
47	72
47	77
47	79
47	80
47	82
47	84
47	91
47	92
47	100
48	51
48	53
48	55
48	56
48	57
48	59
48	60
48	61
48	63
48	64
48	68
48	69
48	70
48	71
48	72
48	73
48	75
48	80
48	83
48	84
48	85
48	88
48	90
48	91
48	92
48	95
48	96
48	99
49	50
49	54
49	55
49	58
49	59
49	60
49	62
49	64
49	65
49	66
49	68
49	70
49	71
49	74
49	75
49	77
49	80
49	83
49	84
49	85
49	87
49	89
49	92
49	96
49	98
49	99
49	100
50	51
50	54
50	55
50	57
50	60
50	61
50	62
50	70
50	72
50	77
50	78
50	80
50	81
50	82
50	87
50	88
50	91
50	92
50	94
51	53
51	54
51	55
51	57
51	59
51	60
51	63
51	64
51	65
51	66
51	67
51	70
51	72
51	74
51	78
51	79
51	81
51	83
51	84
51	85
51	91
51	93
51	95
51	98
51	99
52	54
52	56
52	57
52	58
52	61
52	65
52	68
52	70
52	72
52	75
52	78
52	82
52	85
52	86
52	88
52	89
52	91
52	95
52	99
52	100
53	54
53	57
53	60
53	64
53	66
53	68
53	69
53	70
53	73
53	76
53	78
53	79
53	80
53	81
53	84
53	87
53	88
53	90
53	91
53	94
53	96
53	98
53	100
54	55
54	57
54	59
54	60
54	61
54	63
54	64
54	68
54	69
54	71
54	72
54	73
54	74
54	75
54	77
54	79
54	80
54	83
54	85
54	87
54	88
54	91
54	92
54	94
54	95
54	97
54	99
54	100
55	56
55	57
55	60
55	68
55	70
55	71
55	72
55	73
55	75
55	79
55	80
55	82
55	84
55	87
55	90
55	92
55	94
55	95
56	57
56	58
56	59
56	61
56	62
56	63
56	64
56	66
56	67
56	68
56	69
56	71
56	73
56	75
56	76
56	77
56	79
56	82
56	84
56	86
56	88
56	93
56	94
56	95
56	96
56	97
56	99
56	100
57	58
57	59
57	64
57	65
57	68
57	70
57	71
57	72
57	74
57	77
57	79
57	81
57	85
57	87
57	88
57	89
57	91
57	92
57	93
57	94
57	97
57	98
57	99
57	100
58	59
58	62
58	63
58	67
58	73
58	74
58	76
58	78
58	79
58	80
58	82
58	86
58	88
58	89
58	92
58	94
58	95
58	96
58	98
58	99
59	61
59	65
59	66
59	67
59	68
59	69
59	70
59	73
59	77
59	81
59	84
59	86
59	87
59	88
59	90
59	92
59	93
59	94
59	95
59	96
59	97
59	100
60	61
60	62
60	63
60	64
60	65
60	66
60	68
60	70
60	71
60	73
60	77
60	78
60	79
60	82
60	83
60	85
60	87
60	90
60	91
60	92
60	93
60	95
60	96
60	97
60	98
61	63
61	64
61	65
61	66
61	71
61	81
61	82
61	84
61	86
61	87
61	88
61	89
61	90
61	91
61	93
61	94
61	95
61	97
61	98
61	99
61	100
62	63
62	65
62	66
62	68
62	72
62	73
62	75
62	77
62	78
62	79
62	80
62	81
62	82
62	84
62	85
62	89
62	93
62	94
62	95
62	98
62	99
63	65
63	67
63	68
63	70
63	74
63	80
63	82
63	83
63	88
63	91
63	92
63	93
63	94
63	99
63	100
64	70
64	71
64	72
64	73
64	77
64	79
64	82
64	86
64	87
64	90
64	93
64	95
64	98
64	99
65	68
65	71
65	72
65	73
65	74
65	77
65	78
65	80
65	82
65	85
65	87
65	92
65	95
65	97
65	99
65	100
66	71
66	75
66	76
66	78
66	80
66	81
66	84
66	85
66	87
66	88
66	89
66	91
66	93
66	94
66	95
66	96
66	100
67	68
67	69
67	70
67	74
67	75
67	76
67	78
67	80
67	84
67	87
67	90
67	91
67	92
67	93
67	95
67	98
68	70
68	72
68	73
68	74
68	75
68	76
68	82
68	86
68	87
68	88
68	89
68	92
68	93
68	94
68	99
69	70
69	71
69	72
69	73
69	74
69	76
69	77
69	80
69	83
69	84
69	87
69	90
69	91
69	92
69	95
69	97
69	98
69	99
69	100
70	73
70	76
70	79
70	80
70	81
70	82
70	85
70	86
70	88
70	89
70	94
70	98
71	72
71	74
71	75
71	78
71	79
71	82
71	86
71	88
71	93
72	76
72	78
72	79
72	80
72	83
72	86
72	87
72	89
72	90
72	92
72	94
72	95
72	97
72	100
73	74
73	76
73	78
73	79
73	81
73	87
73	88
73	89
73	92
73	93
73	94
73	95
73	96
73	97
73	98
73	99
74	77
74	78
74	79
74	82
74	83
74	85
74	86
74	89
74	92
74	93
74	96
74	97
75	76
75	78
75	80
75	81
75	82
75	83
75	84
75	85
75	88
75	92
75	93
75	95
75	97
75	98
75	100
76	77
76	78
76	81
76	84
76	85
76	88
76	89
76	91
76	92
76	98
77	79
77	80
77	82
77	84
77	86
77	87
77	89
77	91
77	92
77	95
77	96
77	98
77	100
78	79
78	81
78	83
78	84
78	88
78	89
78	90
78	91
78	92
78	93
78	95
78	96
78	98
78	99
78	100
79	80
79	81
79	85
79	86
79	87
79	90
79	92
79	95
79	96
79	99
80	81
80	84
80	85
80	86
80	89
80	90
80	91
80	98
80	99
80	100
81	82
81	83
81	84
81	85
81	87
81	88
81	91
81	92
81	94
81	95
81	96
81	100
82	83
82	84
82	86
82	88
82	91
82	94
82	96
82	97
82	99
82	100
83	87
83	89
83	90
83	94
83	97
83	98
83	100
84	86
84	90
84	92
84	96
85	86
85	89
85	90
85	93
85	94
85	96
85	99
86	87
86	91
86	93
86	94
86	95
86	96
86	97
86	99
87	88
87	91
87	92
87	93
87	94
87	95
87	96
87	97
87	98
87	100
88	89
88	90
88	91
88	94
88	96
88	97
88	98
88	100
89	91
89	92
89	93
89	95
89	96
89	98
89	99
90	91
90	95
90	96
90	97
90	99
90	100
91	93
91	94
91	95
91	97
91	98
91	99
91	100
92	93
92	95
92	96
92	97
92	99
93	94
93	95
93	96
94	95
94	98
94	100
95	97
95	98
96	97
96	98
96	99
97	98
98	99
98	100
99	100
