100 2467
55
51
47
58
46
46
44
55
50
54
54
56
49
43
49
49
50
49
44
58
51
50
44
48
48
54
47
42
50
46
53
39
55
51
44
52
56
46
47
44
52
51
55
49
57
50
50
44
52
47
53
46
43
36
41
43
47
54
46
50
48
48
51
53
48
49
49
49
56
52
51
60
47
47
55
49
60
43
53
47
48
59
48
50
49
50
47
50
47
52
43
51
52
44
50
48
46
45
44
56
1	2
1	3
1	8
1	9
1	10
1	12
1	15
1	20
1	21
1	22
1	24
1	25
1	29
1	30
1	32
1	34
1	36
1	37
1	41
1	42
1	43
1	44
1	45
1	46
1	50
1	51
1	52
1	53
1	56
1	59
1	60
1	63
1	65
1	67
1	69
1	70
1	74
1	77
1	79
1	80
1	81
1	83
1	84
1	87
1	88
1	89
1	90
1	91
1	92
1	95
1	96
1	97
1	98
1	99
1	100
2	3
2	7
2	12
2	13
2	15
2	16
2	17
2	18
2	20
2	21
2	25
2	26
2	27
2	28
2	29
2	32
2	33
2	35
2	37
2	38
2	41
2	44
2	46
2	47
2	50
2	51
2	54
2	56
2	57
2	60
2	62
2	63
2	64
2	68
2	71
2	72
2	74
2	75
2	77
2	78
2	80
2	81
2	84
2	85
2	86
2	92
2	94
2	95
2	98
2	100
3	4
3	7
3	8
3	9
3	16
3	21
3	24
3	26
3	27
3	33
3	37
3	40
3	41
3	42
3	44
3	45
3	47
3	48
3	50
3	53
3	54
3	57
3	58
3	59
3	60
3	63
3	65
3	67
3	69
3	70
3	71
3	72
3	76
3	77
3	81
3	84
3	85
3	86
3	88
3	89
3	94
3	95
3	97
3	98
3	100
4	5
4	9
4	11
4	12
4	13
4	17
4	19
4	20
4	21
4	22
4	24
4	25
4	26
4	30
4	31
4	34
4	36
4	38
4	39
4	40
4	41
4	45
4	46
4	47
4	48
4	49
4	50
4	54
4	55
4	56
4	58
4	59
4	60
4	61
4	65
4	66
4	67
4	69
4	70
4	71
4	72
4	73
4	75
4	77
4	78
4	82
4	83
4	88
4	89
4	90
4	91
4	92
4	93
4	95
4	96
4	97
4	100
5	6
5	7
5	9
5	11
5	13
5	15
5	16
5	19
5	20
5	30
5	31
5	32
5	34
5	36
5	37
5	40
5	44
5	45
5	47
5	50
5	51
5	53
5	61
5	63
5	66
5	67
5	72
5	74
5	76
5	77
5	78
5	79
5	80
5	82
5	83
5	84
5	85
5	86
5	88
5	89
5	90
5	92
5	96
5	99
5	100
6	8
6	9
6	12
6	14
6	16
6	18
6	20
6	21
6	23
6	25
6	27
6	29
6	31
6	32
6	37
6	42
6	43
6	44
6	45
6	49
6	50
6	51
6	53
6	58
6	59
6	60
6	66
6	67
6	68
6	69
6	71
6	72
6	74
6	76
6	78
6	80
6	82
6	83
6	88
6	89
6	90
6	94
6	95
6	96
6	99
7	8
7	9
7	10
7	11
7	17
7	20
7	23
7	24
7	31
7	34
7	42
7	44
7	46
7	47
7	49
7	51
7	54
7	55
7	57
7	61
7	62
7	65
7	68
7	72
7	75
7	76
7	79
7	80
7	81
7	82
7	83
7	85
7	87
7	88
7	90
7	91
7	92
7	93
7	95
7	96
7	97
8	9
8	11
8	12
8	13
8	15
8	16
8	18
8	22
8	24
8	25
8	26
8	27
8	28
8	29
8	31
8	32
8	33
8	35
8	39
8	40
8	43
8	44
8	47
8	50
8	51
8	54
8	56
8	57
8	58
8	59
8	62
8	64
8	66
8	68
8	71
8	73
8	74
8	77
8	79
8	80
8	81
8	83
8	87
8	88
8	91
8	92
8	94
8	95
8	98
8	99
8	100
9	16
9	18
9	20
9	21
9	22
9	23
9	27
9	29
9	31
9	32
9	33
9	34
9	36
9	37
9	39
9	41
9	42
9	48
9	50
9	52
9	57
9	64
9	65
9	67
9	68
9	69
9	70
9	71
9	72
9	73
9	74
9	75
9	76
9	77
9	78
9	82
9	85
9	86
9	88
9	89
9	90
9	93
9	97
10	11
10	12
10	13
10	18
10	19
10	20
10	21
10	22
10	27
10	31
10	33
10	34
10	37
10	41
10	42
10	43
10	44
10	46
10	47
10	48
10	49
10	50
10	57
10	58
10	59
10	60
10	61
10	62
10	63
10	65
10	66
10	69
10	70
10	71
10	73
10	75
10	77
10	78
10	81
10	85
10	86
10	88
10	89
10	90
10	91
10	93
10	95
10	96
10	97
10	98
10	99
10	100
11	12
11	13
11	15
11	16
11	17
11	21
11	23
11	24
11	28
11	29
11	31
11	34
11	36
11	38
11	41
11	42
11	43
11	46
11	47
11	49
11	51
11	58
11	59
11	62
11	63
11	67
11	69
11	70
11	72
11	73
11	74
11	75
11	76
11	77
11	78
11	81
11	84
11	85
11	87
11	88
11	89
11	91
11	92
11	93
11	94
11	96
11	98
11	99
11	100
12	16
12	17
12	19
12	20
12	24
12	26
12	28
12	30
12	33
12	34
12	35
12	36
12	37
12	38
12	41
12	42
12	43
12	44
12	45
12	46
12	47
12	48
12	51
12	55
12	58
12	60
12	61
12	62
12	63
12	64
12	65
12	68
12	69
12	70
12	71
12	74
12	79
12	81
12	82
12	83
12	86
12	87
12	88
12	90
12	92
12	93
12	95
12	96
12	97
13	16
13	19
13	20
13	21
13	24
13	26
13	29
13	31
13	35
13	37
13	38
13	41
13	42
13	43
13	44
13	47
13	48
13	49
13	50
13	51
13	55
13	57
13	58
13	62
13	63
13	64
13	66
13	67
13	69
13	70
13	71
13	77
13	80
13	82
13	83
13	84
13	85
13	86
13	88
13	91
13	94
13	99
13	100
14	16
14	17
14	18
14	20
14	21
14	23
14	27
14	28
14	29
14	30
14	31
14	32
14	36
14	37
14	41
14	43
14	44
14	47
14	50
14	52
14	56
14	57
14	60
14	65
14	67
14	69
14	71
14	73
14	74
14	75
14	77
14	79
14	82
14	84
14	85
14	87
14	89
14	90
14	91
14	95
14	99
14	100
15	17
15	19
15	21
15	24
15	25
15	26
15	32
15	36
15	37
15	38
15	39
15	40
15	41
15	42
15	43
15	44
15	45
15	47
15	49
15	51
15	52
15	56
15	59
15	61
15	63
15	66
15	67
15	69
15	72
15	73
15	74
15	75
15	76
15	79
15	80
15	81
15	82
15	86
15	91
15	92
15	96
15	98
15	99
15	100
16	17
16	20
16	21
16	24
16	25
16	26
16	29
16	31
16	33
16	34
16	37
16	38
16	41
16	43
16	45
16	48
16	49
16	50
16	51
16	54
16	58
16	59
16	60
16	62
16	66
16	67
16	68
16	69
16	72
16	77
16	80
16	81
16	82
16	87
16	89
16	90
16	94
16	97
16	99
17	18
17	20
17	21
17	24
17	25
17	26
17	27
17	30
17	31
17	33
17	43
17	45
17	46
17	47
17	49
17	51
17	52
17	53
17	54
17	55
17	58
17	59
17	63
17	64
17	65
17	68
17	69
17	73
17	74
17	75
17	81
17	85
17	86
17	88
17	89
17	90
17	94
17	96
17	97
17	98
17	99
17	100
18	21
18	22
18	26
18	27
18	28
18	29
18	31
18	33
18	35
18	41
18	42
18	43
18	44
18	46
18	48
18	51
18	54
18	56
18	57
18	59
18	60
18	61
18	62
18	63
18	64
18	65
18	67
18	71
18	72
18	74
18	76
18	77
18	79
18	80
18	82
18	84
18	85
18	93
18	94
18	95
18	97
18	98
19	22
19	24
19	26
19	29
19	32
19	33
19	36
19	37
19	39
19	40
19	41
19	42
19	43
19	47
19	48
19	49
19	52
19	55
19	56
19	57
19	59
19	61
19	63
19	66
19	68
19	69
19	77
19	78
19	83
19	84
19	88
19	90
19	92
19	93
19	94
19	96
19	97
19	100
20	21
20	22
20	24
20	25
20	29
20	32
20	35
20	38
20	39
20	41
20	42
20	43
20	44
20	45
20	46
20	47
20	48
20	49
20	50
20	51
20	53
20	61
20	63
20	65
20	66
20	67
20	68
20	69
20	70
20	71
20	75
20	76
20	79
20	83
20	84
20	85
20	88
20	89
20	90
20	91
20	92
20	93
20	95
20	98
20	100
21	24
21	25
21	28
21	29
21	31
21	32
21	33
21	34
21	38
21	46
21	49
21	51
21	52
21	56
21	62
21	64
21	66
21	76
21	77
21	78
21	79
21	80
21	81
21	83
21	84
21	85
21	87
21	88
21	89
21	90
21	91
21	92
21	94
21	96
21	99
21	100
22	24
22	25
22	26
22	28
22	31
22	33
22	34
22	35
22	36
22	38
22	40
22	41
22	42
22	46
22	48
22	50
22	51
22	53
22	54
22	58
22	59
22	60
22	61
22	62
22	65
22	66
22	69
22	71
22	73
22	74
22	75
22	77
22	79
22	81
22	84
22	86
22	87
22	90
22	92
22	93
22	95
22	97
23	24
23	25
23	28
23	30
23	32
23	33
23	35
23	36
23	37
23	38
23	39
23	41
23	46
23	47
23	50
23	51
23	54
23	55
23	58
23	60
23	63
23	66
23	70
23	71
23	72
23	73
23	74
23	75
23	76
23	77
23	79
23	80
23	81
23	82
23	85
23	90
23	96
23	98
23	100
24	25
24	27
24	34
24	36
24	39
24	44
24	45
24	46
24	47
24	50
24	52
24	53
24	55
24	56
24	58
24	59
24	60
24	63
24	64
24	66
24	68
24	72
24	74
24	75
24	82
24	83
24	86
24	87
24	88
24	98
24	99
24	100
25	28
25	29
25	31
25	32
25	33
25	34
25	35
25	36
25	40
25	42
25	44
25	48
25	49
25	50
25	53
25	55
25	56
25	62
25	63
25	64
25	67
25	69
25	71
25	75
25	78
25	79
25	80
25	81
25	82
25	83
25	95
25	97
25	98
25	99
25	100
26	27
26	31
26	34
26	36
26	37
26	38
26	39
26	41
26	42
26	45
26	48
26	49
26	51
26	52
26	55
26	57
26	58
26	59
26	60
26	62
26	65
26	66
26	69
26	72
26	73
26	75
26	77
26	79
26	81
26	82
26	85
26	88
26	89
26	90
26	91
26	92
26	94
26	96
26	97
26	98
26	99
26	100
27	29
27	31
27	33
27	34
27	35
27	36
27	38
27	39
27	40
27	42
27	44
27	45
27	50
27	52
27	55
27	60
27	61
27	64
27	65
27	66
27	67
27	68
27	70
27	73
27	74
27	75
27	76
27	81
27	82
27	83
27	85
27	89
27	90
27	91
27	94
27	98
28	29
28	31
28	33
28	35
28	36
28	39
28	42
28	46
28	54
28	57
28	59
28	60
28	61
28	64
28	70
28	71
28	72
28	73
28	74
28	76
28	77
28	78
28	80
28	82
28	85
28	86
28	87
28	89
28	92
28	94
28	95
28	97
29	30
29	34
29	35
29	36
29	37
29	42
29	44
29	48
29	53
29	56
29	57
29	58
29	60
29	61
29	62
29	63
29	65
29	70
29	71
29	74
29	75
29	76
29	77
29	79
29	81
29	83
29	85
29	86
29	88
29	92
29	93
29	96
29	98
29	100
30	33
30	34
30	35
30	36
30	38
30	40
30	43
30	44
30	45
30	49
30	51
30	52
30	55
30	57
30	58
30	59
30	61
30	63
30	64
30	65
30	67
30	68
30	70
30	72
30	73
30	75
30	76
30	80
30	85
30	89
30	90
30	91
30	92
30	94
30	95
30	97
30	98
30	100
31	32
31	33
31	34
31	36
31	40
31	41
31	42
31	43
31	47
31	48
31	49
31	50
31	51
31	52
31	53
31	57
31	59
31	61
31	64
31	66
31	67
31	68
31	73
31	74
31	79
31	81
31	88
31	90
31	93
31	95
31	96
31	97
31	98
31	100
32	39
32	43
32	44
32	45
32	47
32	51
32	53
32	55
32	58
32	59
32	60
32	68
32	70
32	72
32	74
32	76
32	78
32	80
32	81
32	82
32	84
32	85
32	91
32	95
32	98
33	34
33	35
33	37
33	38
33	39
33	44
33	45
33	46
33	47
33	49
33	50
33	52
33	53
33	54
33	58
33	60
33	62
33	63
33	69
33	72
33	73
33	75
33	76
33	77
33	80
33	83
33	84
33	85
33	87
33	88
33	89
33	91
33	92
33	93
33	95
33	97
33	98
34	35
34	37
34	39
34	41
34	42
34	43
34	47
34	48
34	50
34	52
34	54
34	56
34	58
34	59
34	65
34	66
34	67
34	68
34	70
34	73
34	77
34	80
34	81
34	82
34	86
34	90
34	92
34	93
34	95
34	96
34	98
34	100
35	39
35	40
35	43
35	44
35	46
35	50
35	53
35	58
35	61
35	63
35	64
35	65
35	67
35	69
35	78
35	79
35	82
35	83
35	84
35	85
35	87
35	88
35	89
35	90
35	91
35	92
35	94
35	96
35	100
36	37
36	38
36	39
36	41
36	42
36	43
36	44
36	45
36	48
36	49
36	51
36	52
36	53
36	56
36	57
36	62
36	64
36	69
36	70
36	72
36	76
36	77
36	78
36	79
36	80
36	81
36	82
36	86
36	89
36	91
36	93
36	94
36	98
37	38
37	40
37	43
37	46
37	47
37	48
37	49
37	50
37	53
37	56
37	57
37	60
37	63
37	66
37	67
37	68
37	69
37	70
37	71
37	72
37	75
37	76
37	77
37	80
37	82
37	83
37	84
37	86
37	87
37	88
37	89
37	91
37	95
37	97
37	98
37	99
37	100
38	39
38	40
38	43
38	44
38	47
38	48
38	50
38	52
38	53
38	55
38	56
38	57
38	62
38	63
38	64
38	65
38	69
38	71
38	72
38	73
38	76
38	77
38	81
38	82
38	85
38	86
38	87
38	92
38	100
39	40
39	41
39	42
39	43
39	45
39	55
39	56
39	57
39	58
39	59
39	62
39	64
39	65
39	66
39	67
39	69
39	70
39	71
39	72
39	73
39	77
39	83
39	84
39	85
39	86
39	88
39	89
39	91
39	92
39	94
40	43
40	45
40	46
40	48
40	49
40	51
40	52
40	54
40	57
40	60
40	65
40	66
40	67
40	69
40	70
40	71
40	73
40	74
40	82
40	83
40	86
40	89
40	91
40	93
40	94
40	95
40	96
40	97
40	99
41	42
41	45
41	48
41	52
41	57
41	58
41	59
41	61
41	65
41	66
41	67
41	69
41	70
41	71
41	72
41	74
41	75
41	76
41	77
41	78
41	81
41	82
41	84
41	86
41	87
41	90
41	92
41	93
41	94
41	98
42	47
42	48
42	49
42	51
42	55
42	57
42	59
42	60
42	61
42	62
42	64
42	66
42	68
42	71
42	75
42	76
42	77
42	79
42	80
42	82
42	85
42	87
42	91
42	92
42	94
42	95
42	96
43	45
43	46
43	49
43	50
43	51
43	53
43	54
43	57
43	59
43	60
43	61
43	65
43	66
43	67
43	68
43	69
43	71
43	72
43	75
43	78
43	79
43	81
43	82
43	85
43	86
43	88
43	90
43	92
43	97
43	99
43	100
44	50
44	55
44	56
44	57
44	58
44	64
44	67
44	68
44	69
44	70
44	71
44	72
44	75
44	76
44	78
44	79
44	81
44	82
44	84
44	86
44	91
44	93
44	95
44	99
44	100
45	46
45	47
45	48
45	51
45	52
45	56
45	57
45	58
45	59
45	60
45	61
45	63
45	64
45	66
45	67
45	68
45	69
45	71
45	73
45	75
45	77
45	78
45	79
45	80
45	81
45	82
45	84
45	86
45	87
45	88
45	89
45	92
45	93
45	94
45	96
45	98
46	47
46	48
46	50
46	56
46	57
46	58
46	59
46	61
46	62
46	63
46	64
46	65
46	66
46	67
46	69
46	72
46	74
46	77
46	82
46	84
46	85
46	86
46	87
46	88
46	90
46	92
46	93
46	97
46	99
47	48
47	51
47	52
47	54
47	55
47	57
47	58
47	59
47	61
47	66
47	72
47	80
47	81
47	82
47	83
47	85
47	87
47	88
47	89
47	90
47	92
47	97
47	99
47	100
48	54
48	55
48	56
48	58
48	60
48	62
48	66
48	68
48	70
48	78
48	79
48	81
48	82
48	84
48	85
48	89
48	92
48	93
48	100
49	50
49	54
49	56
49	57
49	60
49	61
49	63
49	65
49	68
49	69
49	71
49	72
49	73
49	74
49	75
49	76
49	78
49	79
49	83
49	85
49	86
49	87
49	88
49	90
49	91
49	95
49	96
49	97
49	98
49	100
50	55
50	58
50	62
50	64
50	65
50	69
50	72
50	74
50	75
50	77
50	79
50	83
50	85
50	86
50	87
50	91
50	92
50	95
50	99
51	52
51	53
51	56
51	60
51	61
51	64
51	66
51	67
51	69
51	74
51	75
51	76
51	78
51	79
51	80
51	81
51	82
51	83
51	84
51	90
51	93
51	94
51	95
51	97
51	98
51	100
52	53
52	57
52	58
52	59
52	61
52	63
52	66
52	68
52	72
52	73
52	74
52	75
52	77
52	78
52	79
52	80
52	81
52	82
52	83
52	84
52	86
52	87
52	88
52	96
52	100
53	58
53	60
53	65
53	66
53	67
53	70
53	71
53	72
53	73
53	75
53	76
53	77
53	78
53	79
53	80
53	86
53	87
53	88
53	89
53	90
53	93
53	99
53	100
54	55
54	60
54	63
54	64
54	68
54	69
54	70
54	72
54	73
54	74
54	79
54	80
54	85
54	88
54	92
54	94
54	95
54	99
55	56
55	59
55	62
55	66
55	67
55	68
55	70
55	72
55	74
55	75
55	76
55	78
55	81
55	82
55	83
55	84
55	92
55	94
55	95
55	99
56	61
56	62
56	65
56	68
56	70
56	71
56	72
56	73
56	74
56	79
56	82
56	84
56	86
56	87
56	88
56	89
56	91
56	98
56	99
57	59
57	61
57	62
57	65
57	66
57	67
57	68
57	72
57	74
57	77
57	79
57	82
57	86
57	87
57	88
57	90
57	96
57	100
58	60
58	61
58	62
58	63
58	64
58	70
58	71
58	72
58	73
58	74
58	77
58	79
58	80
58	83
58	86
58	87
58	90
58	91
58	92
58	96
58	97
58	98
58	99
58	100
59	61
59	67
59	69
59	73
59	75
59	76
59	77
59	79
59	80
59	81
59	84
59	88
59	89
59	93
59	95
59	100
60	61
60	63
60	64
60	65
60	69
60	70
60	71
60	72
60	76
60	78
60	81
60	82
60	83
60	84
60	85
60	87
60	89
60	93
60	94
60	97
61	63
61	66
61	70
61	71
61	72
61	75
61	76
61	77
61	79
61	80
61	84
61	85
61	88
61	92
61	93
61	94
61	98
61	100
62	63
62	65
62	66
62	67
62	68
62	69
62	70
62	72
62	73
62	74
62	76
62	77
62	78
62	79
62	80
62	84
62	85
62	87
62	93
62	94
62	95
62	97
63	64
63	66
63	69
63	70
63	71
63	74
63	75
63	77
63	79
63	80
63	82
63	85
63	86
63	87
63	91
63	92
63	93
63	96
63	97
63	99
64	67
64	68
64	69
64	71
64	72
64	73
64	74
64	75
64	76
64	77
64	78
64	79
64	80
64	81
64	83
64	84
64	85
64	88
64	89
64	90
64	92
64	93
64	94
64	95
64	96
65	68
65	69
65	71
65	72
65	74
65	77
65	78
65	82
65	86
65	87
65	91
65	92
65	93
65	94
65	95
65	96
65	98
66	69
66	72
66	75
66	76
66	79
66	82
66	85
66	87
66	91
66	94
66	95
66	99
66	100
67	70
67	71
67	73
67	75
67	79
67	80
67	81
67	82
67	86
67	88
67	89
67	91
67	94
67	95
67	97
68	70
68	71
68	72
68	76
68	78
68	80
68	82
68	84
68	85
68	86
68	88
68	90
68	91
68	95
68	97
68	98
68	99
68	100
69	71
69	72
69	75
69	76
69	77
69	82
69	83
69	86
69	87
69	90
69	91
69	94
69	96
69	98
69	100
70	71
70	72
70	73
70	74
70	76
70	79
70	80
70	82
70	83
70	84
70	86
70	87
70	90
70	92
70	93
70	94
70	96
70	98
71	73
71	75
71	77
71	79
71	81
71	82
71	84
71	86
71	95
71	96
71	97
71	99
72	73
72	74
72	79
72	80
72	81
72	82
72	83
72	85
72	88
72	93
72	94
72	95
72	96
72	97
72	99
73	75
73	78
73	80
73	82
73	85
73	86
73	89
73	90
73	93
73	94
73	95
73	96
73	97
74	76
74	77
74	78
74	82
74	84
74	92
74	94
74	95
74	97
75	77
75	78
75	79
75	81
75	82
75	83
75	84
75	87
75	89
75	92
75	95
75	96
75	97
75	98
75	99
76	77
76	80
76	84
76	86
76	89
76	90
76	91
76	95
76	96
76	97
76	98
76	99
77	78
77	79
77	81
77	82
77	84
77	85
77	86
77	87
77	89
77	90
77	91
77	92
77	98
77	100
78	80
78	83
78	88
78	90
78	92
78	93
78	95
78	98
78	99
78	100
79	81
79	83
79	87
79	88
79	92
79	93
79	94
79	95
79	98
80	81
80	86
80	87
80	88
80	89
80	93
80	100
81	84
81	90
81	95
81	96
81	97
81	100
82	85
82	86
82	87
82	89
82	92
82	94
82	99
82	100
83	84
83	85
83	86
83	87
83	88
83	89
83	90
83	91
83	93
83	95
83	98
83	99
83	100
84	85
84	86
84	89
84	90
84	92
84	95
84	96
84	97
84	98
84	100
85	89
85	93
85	94
85	96
86	88
86	93
86	96
86	97
86	98
87	90
87	91
87	92
87	93
87	97
87	99
87	100
88	90
88	91
88	96
88	97
88	100
89	92
89	93
89	94
89	96
89	99
89	100
90	91
90	93
90	94
90	95
90	96
90	97
90	99
90	100
91	94
91	95
91	96
91	99
92	93
92	97
92	98
92	100
93	94
93	95
93	96
93	97
93	99
93	96
93	97
93	99
93	100
96	98
96	98
96	100
99	100
