100 2482
49
44
56
51
53
54
52
43
47
48
52
47
51
55
46
55
50
38
51
46
51
49
62
56
51
51
59
57
40
54
51
47
49
49
49
51
37
50
43
46
47
55
50
57
47
38
51
38
42
47
51
48
53
41
58
60
50
42
52
45
45
49
48
52
45
51
58
53
60
53
54
55
42
57
44
46
50
46
46
45
48
56
53
59
49
48
45
53
57
44
46
49
47
49
48
46
59
44
46
57
1	3
1	5
1	6
1	13
1	14
1	16
1	17
1	21
1	22
1	23
1	25
1	28
1	29
1	34
1	35
1	37
1	39
1	41
1	42
1	43
1	44
1	49
1	55
1	56
1	57
1	58
1	59
1	61
1	62
1	63
1	67
1	68
1	69
1	70
1	72
1	74
1	77
1	79
1	80
1	84
1	87
1	88
1	89
1	90
1	91
1	93
1	94
1	96
1	100
2	4
2	5
2	7
2	8
2	12
2	15
2	19
2	22
2	23
2	24
2	26
2	27
2	28
2	29
2	30
2	32
2	39
2	41
2	43
2	45
2	51
2	52
2	55
2	59
2	60
2	64
2	65
2	66
2	67
2	68
2	70
2	72
2	73
2	74
2	75
2	76
2	80
2	82
2	83
2	84
2	93
2	95
2	98
2	99
3	4
3	5
3	6
3	13
3	14
3	15
3	17
3	19
3	20
3	23
3	25
3	28
3	29
3	33
3	34
3	35
3	36
3	37
3	38
3	39
3	42
3	43
3	44
3	47
3	49
3	50
3	53
3	54
3	56
3	61
3	62
3	63
3	64
3	65
3	70
3	71
3	72
3	74
3	76
3	77
3	80
3	81
3	82
3	83
3	84
3	86
3	90
3	92
3	93
3	94
3	95
3	96
3	97
3	98
3	99
4	6
4	7
4	10
4	11
4	14
4	15
4	16
4	19
4	20
4	22
4	23
4	24
4	30
4	34
4	36
4	41
4	42
4	47
4	49
4	51
4	54
4	55
4	56
4	57
4	59
4	60
4	61
4	62
4	63
4	68
4	70
4	71
4	72
4	74
4	75
4	76
4	77
4	82
4	84
4	85
4	86
4	87
4	88
4	90
4	92
4	93
4	98
4	99
4	100
5	6
5	9
5	10
5	11
5	12
5	13
5	18
5	20
5	21
5	25
5	26
5	30
5	33
5	40
5	42
5	43
5	44
5	45
5	46
5	47
5	48
5	50
5	51
5	52
5	53
5	55
5	56
5	57
5	65
5	66
5	67
5	68
5	69
5	70
5	71
5	73
5	74
5	75
5	78
5	80
5	82
5	83
5	84
5	85
5	86
5	89
5	93
5	95
5	96
5	97
6	7
6	13
6	14
6	15
6	16
6	18
6	22
6	24
6	25
6	26
6	28
6	29
6	31
6	32
6	34
6	38
6	39
6	41
6	44
6	45
6	47
6	48
6	49
6	50
6	51
6	52
6	55
6	56
6	58
6	59
6	60
6	63
6	64
6	67
6	68
6	71
6	72
6	73
6	75
6	81
6	84
6	86
6	87
6	91
6	94
6	95
6	96
6	97
6	98
6	99
7	10
7	11
7	12
7	14
7	17
7	19
7	21
7	26
7	27
7	28
7	29
7	31
7	32
7	33
7	35
7	36
7	38
7	39
7	41
7	44
7	47
7	49
7	50
7	51
7	53
7	54
7	55
7	56
7	57
7	59
7	60
7	63
7	64
7	68
7	70
7	73
7	74
7	75
7	76
7	80
7	81
7	82
7	87
7	88
7	89
7	91
7	92
7	97
7	100
8	10
8	13
8	17
8	18
8	19
8	20
8	21
8	23
8	24
8	27
8	31
8	35
8	37
8	40
8	44
8	45
8	47
8	48
8	50
8	53
8	54
8	55
8	56
8	60
8	62
8	63
8	65
8	66
8	68
8	71
8	75
8	76
8	78
8	79
8	81
8	84
8	85
8	91
8	93
8	94
8	96
8	100
9	10
9	11
9	12
9	13
9	16
9	17
9	20
9	21
9	22
9	25
9	26
9	27
9	28
9	30
9	32
9	34
9	35
9	37
9	38
9	39
9	42
9	43
9	44
9	47
9	48
9	50
9	51
9	52
9	58
9	67
9	68
9	69
9	70
9	72
9	73
9	74
9	75
9	76
9	78
9	83
9	87
9	90
9	92
9	93
9	95
9	100
10	11
10	12
10	13
10	14
10	19
10	21
10	23
10	25
10	26
10	27
10	28
10	29
10	30
10	32
10	35
10	36
10	44
10	46
10	47
10	50
10	55
10	58
10	60
10	64
10	65
10	66
10	69
10	71
10	72
10	76
10	79
10	80
10	83
10	85
10	87
10	88
10	89
10	92
10	93
10	96
10	97
10	98
10	100
11	14
11	20
11	23
11	24
11	25
11	26
11	27
11	30
11	31
11	34
11	37
11	38
11	40
11	41
11	42
11	46
11	47
11	48
11	51
11	52
11	53
11	54
11	55
11	57
11	58
11	59
11	61
11	63
11	66
11	69
11	70
11	76
11	78
11	80
11	81
11	82
11	83
11	84
11	85
11	86
11	88
11	89
11	94
11	95
11	96
11	97
11	99
12	14
12	15
12	16
12	17
12	18
12	21
12	23
12	24
12	25
12	31
12	32
12	33
12	34
12	37
12	38
12	45
12	46
12	48
12	51
12	52
12	54
12	55
12	56
12	57
12	61
12	64
12	66
12	71
12	73
12	74
12	76
12	77
12	78
12	79
12	80
12	83
12	84
12	88
12	93
12	98
12	99
12	100
13	15
13	16
13	21
13	22
13	23
13	26
13	27
13	28
13	31
13	32
13	37
13	43
13	45
13	46
13	50
13	51
13	52
13	53
13	56
13	57
13	58
13	60
13	62
13	64
13	65
13	67
13	69
13	70
13	72
13	73
13	74
13	76
13	80
13	81
13	83
13	86
13	88
13	89
13	91
13	92
13	94
13	95
13	98
13	100
14	15
14	16
14	17
14	19
14	20
14	21
14	22
14	23
14	24
14	25
14	26
14	27
14	31
14	36
14	37
14	38
14	44
14	45
14	46
14	49
14	53
14	54
14	56
14	59
14	61
14	62
14	64
14	66
14	67
14	68
14	70
14	72
14	74
14	76
14	77
14	79
14	82
14	85
14	86
14	87
14	89
14	92
14	96
14	97
14	98
14	99
14	100
15	16
15	26
15	27
15	28
15	32
15	33
15	34
15	35
15	36
15	37
15	39
15	43
15	47
15	48
15	53
15	54
15	56
15	57
15	59
15	63
15	66
15	67
15	69
15	71
15	73
15	74
15	75
15	76
15	77
15	82
15	83
15	84
15	85
15	87
15	88
15	90
15	92
15	94
15	97
16	17
16	19
16	20
16	24
16	28
16	30
16	34
16	36
16	38
16	39
16	40
16	42
16	43
16	44
16	45
16	47
16	49
16	51
16	53
16	54
16	56
16	57
16	58
16	59
16	60
16	61
16	65
16	66
16	67
16	70
16	72
16	74
16	75
16	76
16	77
16	80
16	85
16	87
16	88
16	89
16	90
16	91
16	92
16	93
16	94
16	95
16	97
17	21
17	22
17	23
17	27
17	28
17	29
17	31
17	33
17	36
17	39
17	42
17	43
17	45
17	47
17	48
17	49
17	51
17	52
17	54
17	55
17	56
17	59
17	60
17	62
17	64
17	65
17	67
17	68
17	69
17	70
17	74
17	77
17	78
17	79
17	83
17	86
17	87
17	88
17	90
17	94
17	96
17	98
18	19
18	20
18	21
18	22
18	24
18	26
18	31
18	33
18	42
18	43
18	44
18	45
18	48
18	51
18	54
18	58
18	60
18	63
18	64
18	68
18	69
18	71
18	72
18	74
18	81
18	82
18	84
18	87
18	90
18	91
18	92
18	94
18	97
18	98
19	25
19	27
19	28
19	29
19	30
19	40
19	41
19	42
19	44
19	46
19	47
19	48
19	51
19	52
19	55
19	57
19	58
19	59
19	60
19	61
19	63
19	64
19	65
19	68
19	70
19	71
19	72
19	74
19	75
19	77
19	78
19	81
19	82
19	83
19	86
19	91
19	92
19	93
19	95
19	96
19	97
19	98
20	21
20	22
20	26
20	27
20	29
20	30
20	31
20	32
20	34
20	35
20	38
20	39
20	43
20	44
20	46
20	48
20	52
20	53
20	54
20	61
20	62
20	64
20	67
20	68
20	69
20	71
20	74
20	77
20	79
20	81
20	82
20	83
20	85
20	89
20	91
20	97
20	100
21	22
21	23
21	24
21	25
21	27
21	28
21	30
21	38
21	39
21	42
21	44
21	47
21	49
21	50
21	51
21	55
21	57
21	62
21	63
21	65
21	66
21	67
21	68
21	70
21	73
21	74
21	76
21	79
21	80
21	81
21	82
21	86
21	88
21	89
21	91
21	92
21	93
21	95
21	100
22	23
22	24
22	28
22	30
22	34
22	38
22	41
22	42
22	43
22	45
22	46
22	47
22	48
22	50
22	53
22	55
22	56
22	57
22	58
22	59
22	60
22	61
22	62
22	64
22	66
22	67
22	70
22	72
22	73
22	75
22	83
22	84
22	85
22	86
22	88
22	95
22	99
22	100
23	25
23	26
23	27
23	28
23	30
23	31
23	32
23	33
23	34
23	40
23	41
23	42
23	44
23	45
23	46
23	47
23	48
23	50
23	52
23	53
23	54
23	55
23	57
23	58
23	59
23	60
23	62
23	64
23	66
23	68
23	69
23	70
23	71
23	73
23	74
23	77
23	78
23	79
23	84
23	85
23	86
23	88
23	89
23	90
23	93
23	94
23	95
23	97
23	99
24	25
24	26
24	27
24	28
24	29
24	31
24	32
24	38
24	39
24	40
24	42
24	43
24	45
24	46
24	48
24	49
24	52
24	53
24	54
24	55
24	56
24	57
24	58
24	61
24	63
24	65
24	66
24	68
24	69
24	70
24	74
24	76
24	78
24	80
24	81
24	85
24	86
24	88
24	89
24	90
24	91
24	93
24	94
24	95
24	97
25	26
25	27
25	28
25	30
25	31
25	36
25	39
25	41
25	43
25	45
25	47
25	50
25	51
25	52
25	55
25	56
25	58
25	59
25	60
25	61
25	62
25	63
25	65
25	66
25	70
25	74
25	79
25	80
25	82
25	83
25	85
25	86
25	90
25	91
25	92
25	94
25	95
25	100
26	27
26	31
26	32
26	37
26	39
26	41
26	44
26	46
26	49
26	51
26	54
26	55
26	57
26	59
26	60
26	63
26	64
26	65
26	66
26	68
26	70
26	73
26	74
26	75
26	76
26	79
26	80
26	84
26	85
26	86
26	87
26	92
26	94
26	97
26	98
26	99
27	28
27	30
27	33
27	37
27	38
27	41
27	43
27	49
27	50
27	52
27	53
27	54
27	55
27	56
27	59
27	60
27	61
27	63
27	64
27	67
27	71
27	72
27	73
27	74
27	75
27	76
27	77
27	78
27	79
27	81
27	82
27	83
27	84
27	85
27	86
27	88
27	91
27	92
27	94
27	96
27	97
27	100
28	29
28	31
28	33
28	34
28	35
28	37
28	38
28	40
28	44
28	45
28	46
28	48
28	49
28	50
28	51
28	53
28	55
28	56
28	59
28	61
28	63
28	65
28	68
28	69
28	71
28	74
28	80
28	81
28	82
28	83
28	85
28	86
28	87
28	88
28	89
28	91
28	97
28	98
28	99
29	31
29	32
29	33
29	35
29	38
29	39
29	42
29	45
29	48
29	49
29	54
29	58
29	60
29	61
29	62
29	66
29	67
29	68
29	71
29	75
29	76
29	77
29	78
29	81
29	84
29	92
29	96
29	98
29	99
30	31
30	32
30	33
30	34
30	35
30	36
30	38
30	39
30	40
30	41
30	42
30	43
30	44
30	49
30	50
30	51
30	53
30	57
30	59
30	61
30	62
30	64
30	66
30	68
30	69
30	71
30	72
30	77
30	80
30	81
30	83
30	84
30	85
30	87
30	90
30	92
30	95
30	96
30	99
30	100
31	35
31	36
31	38
31	39
31	40
31	45
31	46
31	47
31	54
31	55
31	58
31	59
31	60
31	63
31	64
31	66
31	69
31	70
31	71
31	72
31	73
31	74
31	75
31	79
31	83
31	84
31	85
31	89
31	90
31	92
31	94
31	97
31	98
31	100
32	33
32	34
32	36
32	38
32	41
32	43
32	46
32	47
32	51
32	53
32	58
32	60
32	61
32	64
32	66
32	67
32	68
32	69
32	70
32	71
32	72
32	73
32	76
32	81
32	83
32	84
32	85
32	88
32	89
32	90
32	93
32	94
32	97
33	35
33	36
33	37
33	41
33	42
33	43
33	44
33	46
33	48
33	53
33	55
33	59
33	62
33	63
33	66
33	67
33	68
33	69
33	70
33	72
33	75
33	76
33	77
33	78
33	79
33	82
33	83
33	85
33	87
33	88
33	89
33	91
33	93
33	96
33	97
33	99
34	35
34	37
34	38
34	39
34	40
34	42
34	43
34	45
34	48
34	49
34	53
34	55
34	60
34	61
34	64
34	66
34	69
34	70
34	71
34	72
34	73
34	74
34	77
34	79
34	81
34	84
34	85
34	88
34	91
34	93
34	94
34	95
34	99
34	100
35	40
35	42
35	43
35	44
35	45
35	47
35	50
35	51
35	52
35	53
35	56
35	57
35	59
35	61
35	67
35	68
35	71
35	75
35	77
35	78
35	79
35	80
35	82
35	84
35	85
35	86
35	87
35	88
35	89
35	90
35	91
35	93
35	95
35	99
35	100
36	37
36	39
36	40
36	41
36	42
36	43
36	44
36	46
36	50
36	51
36	55
36	56
36	58
36	59
36	61
36	62
36	64
36	65
36	66
36	69
36	70
36	72
36	75
36	76
36	78
36	81
36	83
36	85
36	86
36	87
36	88
36	89
36	91
36	92
36	93
36	96
36	98
36	99
37	39
37	40
37	50
37	52
37	53
37	56
37	60
37	62
37	63
37	65
37	69
37	71
37	72
37	77
37	79
37	81
37	82
37	83
37	84
37	93
37	94
37	100
38	40
38	41
38	44
38	50
38	51
38	52
38	54
38	55
38	56
38	57
38	58
38	65
38	66
38	70
38	72
38	73
38	74
38	75
38	78
38	80
38	82
38	84
38	85
38	88
38	89
38	91
38	92
38	95
38	96
38	97
38	99
39	41
39	42
39	46
39	48
39	53
39	56
39	57
39	58
39	61
39	62
39	64
39	66
39	68
39	77
39	82
39	84
39	86
39	89
39	93
39	94
39	96
39	97
39	100
40	44
40	45
40	47
40	49
40	51
40	52
40	53
40	57
40	58
40	59
40	62
40	63
40	64
40	65
40	69
40	70
40	71
40	75
40	78
40	80
40	82
40	85
40	86
40	87
40	88
40	91
40	92
40	94
40	95
40	96
40	100
41	42
41	43
41	44
41	48
41	50
41	52
41	53
41	56
41	60
41	62
41	63
41	64
41	66
41	67
41	74
41	75
41	78
41	79
41	80
41	82
41	84
41	85
41	89
41	90
41	92
41	95
41	97
41	98
41	100
42	43
42	44
42	46
42	47
42	49
42	51
42	53
42	54
42	56
42	57
42	60
42	63
42	65
42	67
42	69
42	70
42	71
42	74
42	76
42	78
42	79
42	80
42	82
42	83
42	84
42	85
42	88
42	89
42	92
42	97
42	98
42	99
42	100
43	44
43	45
43	46
43	47
43	49
43	51
43	53
43	58
43	59
43	60
43	61
43	64
43	65
43	66
43	67
43	68
43	73
43	74
43	75
43	77
43	79
43	81
43	84
43	89
43	93
43	97
43	100
44	45
44	47
44	51
44	54
44	55
44	56
44	57
44	59
44	60
44	63
44	64
44	67
44	68
44	69
44	70
44	71
44	72
44	74
44	76
44	77
44	80
44	85
44	86
44	88
44	89
44	90
44	91
44	96
44	97
44	99
44	100
45	46
45	48
45	49
45	50
45	52
45	56
45	57
45	60
45	61
45	64
45	69
45	70
45	71
45	75
45	76
45	77
45	82
45	83
45	84
45	85
45	87
45	90
45	92
45	93
45	100
46	48
46	49
46	53
46	59
46	65
46	67
46	69
46	81
46	82
46	83
46	87
46	89
46	92
46	93
46	95
46	97
46	100
47	49
47	51
47	54
47	55
47	56
47	58
47	59
47	62
47	64
47	67
47	71
47	72
47	73
47	76
47	79
47	80
47	84
47	86
47	89
47	90
47	91
47	93
47	94
47	95
47	96
47	99
47	100
48	49
48	59
48	64
48	67
48	70
48	74
48	78
48	79
48	81
48	82
48	84
48	91
48	93
48	96
48	97
48	100
49	51
49	56
49	57
49	59
49	62
49	63
49	67
49	68
49	69
49	72
49	74
49	75
49	76
49	82
49	83
49	88
49	89
49	97
49	98
50	52
50	57
50	58
50	60
50	63
50	66
50	68
50	69
50	70
50	72
50	73
50	74
50	75
50	77
50	78
50	81
50	82
50	87
50	88
50	89
50	91
50	94
50	96
50	98
50	99
50	100
51	55
51	56
51	62
51	63
51	64
51	65
51	71
51	72
51	73
51	77
51	78
51	82
51	83
51	84
51	88
51	89
51	90
51	91
51	94
51	96
51	98
51	99
51	100
52	55
52	56
52	58
52	59
52	61
52	66
52	67
52	68
52	69
52	70
52	72
52	74
52	75
52	77
52	79
52	81
52	82
52	83
52	84
52	85
52	86
52	88
52	93
52	95
52	96
52	97
52	99
53	54
53	55
53	56
53	57
53	58
53	59
53	63
53	64
53	65
53	67
53	68
53	70
53	71
53	73
53	74
53	75
53	78
53	80
53	83
53	85
53	88
53	90
53	92
53	95
53	96
53	100
54	56
54	57
54	59
54	63
54	64
54	68
54	69
54	71
54	74
54	77
54	78
54	79
54	86
54	87
54	89
54	94
54	98
54	100
55	56
55	57
55	58
55	59
55	63
55	65
55	66
55	67
55	68
55	69
55	70
55	71
55	74
55	76
55	77
55	79
55	80
55	81
55	82
55	83
55	84
55	86
55	88
55	90
55	93
55	96
55	97
55	100
56	57
56	58
56	59
56	60
56	62
56	66
56	69
56	70
56	71
56	72
56	74
56	75
56	76
56	77
56	80
56	82
56	83
56	86
56	87
56	89
56	90
56	92
56	94
56	95
56	96
56	97
57	58
57	59
57	61
57	63
57	66
57	68
57	69
57	72
57	73
57	75
57	79
57	82
57	86
57	90
57	91
57	92
57	94
57	95
57	97
57	98
57	100
58	60
58	61
58	63
58	64
58	66
58	67
58	69
58	70
58	71
58	80
58	84
58	86
58	87
58	100
59	60
59	61
59	64
59	67
59	70
59	72
59	74
59	76
59	78
59	82
59	85
59	89
59	91
59	93
59	94
59	95
59	99
60	61
60	65
60	67
60	69
60	71
60	72
60	75
60	76
60	78
60	81
60	88
60	89
60	92
60	97
60	100
61	63
61	64
61	66
61	68
61	69
61	71
61	74
61	84
61	86
61	87
61	91
61	92
61	93
61	95
61	96
61	97
61	98
62	63
62	64
62	65
62	66
62	67
62	68
62	69
62	70
62	72
62	73
62	74
62	78
62	79
62	81
62	82
62	83
62	85
62	86
62	88
62	89
62	95
62	96
62	97
62	99
62	100
63	64
63	67
63	71
63	72
63	75
63	77
63	78
63	80
63	81
63	83
63	90
63	92
63	94
63	99
63	100
64	68
64	69
64	72
64	75
64	78
64	79
64	81
64	83
64	85
64	89
64	90
64	92
64	95
64	97
64	98
65	67
65	68
65	69
65	70
65	72
65	74
65	75
65	76
65	77
65	78
65	79
65	80
65	83
65	84
65	87
65	89
65	90
65	95
65	99
66	67
66	69
66	70
66	71
66	72
66	74
66	76
66	79
66	81
66	82
66	84
66	88
66	89
66	93
66	94
66	95
66	100
67	68
67	70
67	71
67	72
67	73
67	76
67	78
67	82
67	83
67	84
67	85
67	87
67	88
67	89
67	90
67	93
67	94
67	95
67	97
67	98
67	99
67	100
68	69
68	70
68	71
68	73
68	78
68	80
68	82
68	84
68	86
68	89
68	90
68	93
68	94
68	97
68	99
69	70
69	71
69	72
69	73
69	78
69	80
69	82
69	83
69	84
69	86
69	87
69	88
69	89
69	90
69	93
69	94
69	95
69	96
69	98
69	100
70	72
70	76
70	79
70	81
70	84
70	91
70	94
70	96
70	97
70	100
71	72
71	73
71	76
71	77
71	79
71	82
71	83
71	88
71	89
71	93
71	94
71	96
71	98
71	99
71	100
72	73
72	74
72	76
72	77
72	79
72	81
72	86
72	87
72	88
72	94
72	95
72	96
72	97
72	100
73	76
73	80
73	81
73	84
73	85
73	87
73	88
73	89
73	90
73	92
73	93
73	94
73	95
74	77
74	78
74	83
74	84
74	85
74	86
74	87
74	88
74	91
74	92
74	97
74	98
74	100
75	78
75	84
75	85
75	87
75	89
75	91
75	95
75	96
75	97
75	98
75	100
76	79
76	80
76	81
76	82
76	86
76	89
76	90
76	94
76	98
77	80
77	81
77	82
77	83
77	84
77	86
77	87
77	89
77	90
77	92
77	93
77	94
77	95
77	96
77	97
77	98
77	99
78	79
78	80
78	81
78	82
78	84
78	85
78	89
78	90
78	94
78	96
78	98
78	99
79	81
79	82
79	83
79	86
79	89
79	91
79	93
79	95
79	97
79	99
79	100
80	81
80	82
80	84
80	85
80	89
80	90
80	93
80	94
80	97
80	98
81	85
81	87
81	88
81	91
81	92
81	93
81	95
81	96
81	97
81	99
82	83
82	87
82	89
82	91
82	92
82	94
82	95
82	96
82	97
82	99
82	100
83	84
83	86
83	87
83	89
83	91
83	92
83	95
83	96
83	97
83	98
83	99
84	85
84	87
84	88
84	89
84	92
84	93
84	94
84	96
84	97
84	98
84	99
85	87
85	90
85	93
85	94
85	95
85	98
85	100
86	88
86	90
86	92
86	95
86	96
86	97
86	98
86	99
86	100
87	88
87	89
87	91
87	92
87	93
87	95
87	97
88	89
88	91
88	92
88	94
88	96
88	97
88	98
88	99
88	100
89	92
89	94
89	99
89	100
90	91
90	92
90	93
90	95
90	96
90	98
90	99
91	92
91	93
91	94
91	96
91	97
91	98
91	99
91	100
92	94
92	95
92	99
92	100
93	97
93	100
94	98
95	97
96	97
96	99
97	98
97	100
98	99
