Max = 1045
Random numbers: 
754
881
567
112
833
136
507
394
795
216
174
696
624
313
129
783
666
420
701
647
43
95
271
104
159
117
964
171
1016
633
529
916
570
382
903
679
81
691
768
390
207
1011
920
136
936
477
542
561
243
785
884
704
391
112
901
663
853
664
393
322
839
15
319
665
940
848
946
792
768
875
336
344
845
153
409
205
728
43
248
993
177
917
804
807
874
377
1031
179
756
134
302
710
50
820
854
54
494
486
494
19
240
444
776
931
177
443
616
271
476
748
889
993
826
298
257
795
785
327
662
1024
944
901
273
238
45
733
634
818
18
240
286
899
802
50
1028
582
173
68
748
821
510
454
289
966
698
746
152
863
213
470
1003
1017
723
552
581
711
963
407
239
1005
963
760
280
122
773
607
1043
136
94
916
620
709
451
994
944
141
829
429
32
583
403
456
660
1013
314
889
597
221
816
503
40
53
277
701
989
447
894
383
263
669
785
829
734
271
374
228
119
698
970
471
119
272
179
923
740
867
539
420
599
336
833
511
949
224
313
964
328
199
654
192
390
568
1006
949
192
588
58
614
832
98
232
544
237
273
435
195
265
396
232
298
124
931
990
268
384
27
896
112
153
507
299
399
568
880
886
208
196
231
842
66
569
612
447
1037
1022
863
16
440
82
90
991
170
626
55
698
367
995
557
565
936
611
483
978
644
337
366
286
385
429
717
223
69
651
243
107
771
391
459
347
756
276
863
799
527
288
226
487
393
527
324
1021
1003
67
961
873
152
455
552
1009
981
439
383
596
1041
212
322
421
988
916
815
629
367
257
245
339
986
664
964
871
530
627
557
533
108
673
698
413
634
17
890
85
274
272
722
504
19
689
302
768
977
462
570
588
795
18
686
976
781
648
305
981
881
702
58
126
1014
1029
480
517
348
417
566
114
309
40
438
6
205
35
713
218
467
636
287
951
903
920
504
281
826
293
1
1024
21
652
336
1042
791
337
359
30
181
450
820
266
761
793
684
404
983
696
660
963
973
629
672
184
1006
28
610
405
679
606
956
430
142
211
943
883
821
934
775
808
456
576
590
548
723
883
136
570
877
352
961
538
808
174
1012
821
643
73
376
430
562
379
31
429
112
62
56
409
484
218
68
556
59
712
846
229
665
903
209
620
70
973
456
96
357
278
667
4
600
680
670
961
241
851
667
975
792
825
354
168
610
238
151
250
552
747
962
76
940
922
885
25
238
294
704
97
367
461
495
319
755
907
275
511
39
330
953
690
232
404
612
934
856
317
710
351
407
474
565
730
1016
168
34
927
599
415
811
373
203
76
895
183
507
777
189
382
112
834
128
506
540
884
11
468
324
114
28
681
670
47
1027
807
136
951
782
790
312
951
423
720
406
137
363
612
146
253
1025
391
845
558
718
806
478
105
953
1016
874
719
836
802
619
168
196
782
743
763
260
376
6
940
449
27
63
790
767
396
1026
555
339
377
600
713
416
79
330
189
698
200
452
102
649
50
880
849
67
124
791
516
673
850
833
92
16
819
616
744
208
61
280
303
904
982
569
238
571
887
940
96
15
162
19
178
444
219
352
357
34
577
541
221
940
739
558
861
837
390
225
342
615
541
1034
15
863
717
168
253
927
72
574
710
1037
173
1045
289
699
875
802
504
664
34
760
486
579
873
231
719
366
739
1040
67
93
159
349
745
104
156
511
954
451
10
403
1025
15
460
474
898
838
365
262
863
726
633
22
689
487
29
988
849
853
847
369
917
1024
272
510
691
75
297
534
302
458
160
876
692
103
1028
90
316
219
1
944
891
513
84
878
156
519
903
700
818
477
441
486
1005
43
604
657
285
900
69
613
23
439
323
639
30
473
12
190
911
488
325
466
128
469
268
544
846
464
167
569
763
46
635
411
916
271
768
18
159
998
667
877
508
27
920
344
529
991
318
115
922
15
946
601
117
239
75
846
366
480
357
1015
962
429
574
175
675
1045
235
265
115
228
60
741
765
266
480
854
797
785
527
331
850
1034
489
51
447
855
601
971
245
693
642
397
1036
967
204
124
771
470
813
356
54
516
129
952
230
51
998
290
60
897
263
248
1007
5
415
1004
723
829
111
988
159
936
90
447
887
135
588
285
189
760
887
559
227
303
533
371
248
729
543
176
418
43
410
669
560
968
529
303
453
950
562
385
450
910
1020
244
286
831
175
919
217
159
864
919
611
316
807
419
573
200
245
262
550
918
181
511
147
409
373
450
171
495
953
494
400
58
878
230
853
851
639
272
828
821
618
800
835
3
142
508
109
512
125
1000
892
924
893
893
610
542
202
510
577
302
784
702
540
505
651
749
520
377
672
506
787
956
124
354
883
637
141
23
427
431
811
846
290
244
229
532
759
302
781
80
75
288
902
400
203
242
379
87
92
546
400
69
699
21
219
687
5
179
64
228
359
405
4
707
265
357
496
936
341
1024
932
1002
933
3
802
70
380
461
192
738
932
680
584
912
483
568
447
866
341
192
636
824
464
183
566
768
429
33
744
653
199
491
64
252
793
239
914
381
471
969
647
902
375
427
215
441
874
220
868
492
799
887
144
1002
814
742
641
518
575
613
7
7
763
362
778
651
995
726
475
496
232
788
292
854
1014
1019
695
493
772
594
1021
526
429
367
653
39
332
242
133
298
259
1037
168
634
740
341
859
603
86
209
665
691
509
533
561
468
551
867
967
167
218
129
121
929
609
1022
793
852
137
826
362
447
854
892
174
951
681
503
444
413
524
666
434
284
296
269
888
597
627
339
70
13
127
239
433
363
629
530
212
1005
68
307
608
493
307
865
334
631
835
432
159
665
859
911
261
578
442
726
408
913
707
807
229
407
838
381
5
590
969
179
982
4
833
18
978
539
393
503
927
184
484
231
203
572
610
314
78
776
1039
21
359
249
956
19
432
813
406
63
189
125
158
722
169
568
991
973
774
21
69
317
27
681
1010
760
312
279
803
150
523
117
762
192
874
704
1037
519
336
58
863
658
1011
727
408
457
840
101
411
553
184
912
159
264
915
702
588
523
45
687
521
728
620
852
798
703
43
331
533
93
125
305
479
348
245
617
388
131
386
629
143
357
616
742
1036
814
757
774
1006
889
154
624
430
744
18
14
653
659
520
159
127
989
189
732
599
192
49
549
300
181
825
1039
417
72
294
348
1017
392
686
42
81
752
785
660
394
637
38
766
211
28
854
424
160
200
72
504
320
736
159
673
529
928
109
740
872
54
692
929
912
29
273
283
615
739
1044
486
822
792
203
64
486
976
151
897
486
767
833
15
839
33
895
206
930
712
727
59
423
413
828
459
901
383
371
294
335
1035
698
1010
518
355
420
727
454
893
445
869
261
37
756
237
366
813
250
20
937
607
691
683
72
264
374
969
731
142
900
40
6
497
978
815
320
597
71
600
144
1032
758
882
59
691
608
383
952
768
217
316
166
761
110
613
468
925
438
817
591
881
388
95
182
701
361
581
125
296
235
632
893
203
358
421
997
408
37
951
24
103
460
649
90
725
748
809
373
183
387
167
299
32
817
106
13
436
764
894
683
834
651
173
813
1019
680
88
908
791
289
658
133
861
234
940
799
74
290
419
598
407
50
30
608
853
713
895
734
708
641
605
952
574
308
690
133
768
627
438
114
1041
643
619
415
494
719
57
723
8
869
439
639
933
678
485
765
753
346
140
18
427
569
925
924
585
574
149
801
836
700
1004
367
636
388
344
3
316
949
597
16
814
202
735
200
342
783
987
231
800
24
203
721
179
662
263
879
449
245
367
284
794
743
715
961
230
14
41
444
674
284
527
436
848
1040
266
879
731
248
44
234
933
322
21
330
493
237
617
660
866
340
332
727
553
983
772
161
199
429
586
641
385
381
376
746
368
417
397
30
148
964
61
669
513
929
30
683
544
125
380
19
72
293
300
790
122
872
232
952
117
299
526
657
955
959
361
206
852
280
671
620
852
577
277
282
584
278
782
119
510
887
16
741
429
618
843
275
639
306
528
452
143
848
736
625
694
51
634
600
458
859
596
974
299
69
873
380
891
781
495
78
814
29
400
582
431
602
207
147
366
962
818
955
332
429
497
736
714
1026
411
900
713
497
473
603
149
437
444
942
562
629
123
698
411
1002
25
199
327
221
684
585
833
883
254
865
42
902
542
531
539
564
468
7
433
170
989
55
982
413
1042
327
710
568
73
914
629
940
1035
264
1023
472
666
159
107
593
399
525
893
578
135
604
998
150
632
773
956
493
667
356
392
928
939
811
448
733
961
802
22
404
881
889
257
200
780
314
858
317
476
741
563
31
400
756
857
701
765
537
44
471
1035
133
76
995
852
479
870
248
121
524
927
479
80
468
431
528
948
1019
1004
1032
313
237
656
377
298
901
624
82
448
291
222
928
112
793
770
797
353
427
761
990
887
207
286
80
190
973
301
537
104
50
214
52
167
467
37
833
113
238
744
47
629
46
534
684
630
535
522
71
179
263
947
820
579
310
1023
516
153
906
536
525
549
414
180
213
596
63
69
406
744
319
554
563
659
194
991
345
730
94
659
650
375
647
989
758
195
50
759
766
847
640
493
633
501
653
407
999
152
583
78
687
965
472
971
908
745
265
1043
599
394
137
607
859
772
280
300
247
931
18
299
855
469
405
68
858
759
227
527
698
165
841
530
898
67
409
333
590
510
314
347
1007
262
418
378
904
488
190
222
792
710
874
181
348
939
118
10
925
596
322
989
250
390
1041
52
280
1032
695
446
248
200
720
604
830
268
790
755
622
65
498
1011
241
964
41
232
611
241
840
232
753
685
453
619
547
585
116
360
530
176
253
935
94
906
608
570
906
101
102
508
238
694
630
272
1032
225
116
377
557
622
1035
90
246
460
469
324
192
275
898
753
881
1004
377
965
335
478
782
712
546
709
253
481
203
850
842
119
542
712
294
712
55
774
827
478
386
118
58
483
36
137
865
100
427
343
579
445
635
871
626
68
222
132
500
368
746
774
171
712
838
910
478
127
359
399
69
513
295
249
747
969
698
529
712
1025
56
756
902
391
855
219
68
590
834
491
112
224
809
873
129
23
492
639
469
1029
912
162
264
691
333
268
970
116
314
811
190
806
156
249
345
429
862
539
624
647
546
915
1037
881
237
839
734
656
268
277
318
340
1042
746
467
381
412
792
357
873
656
436
672
990
740
585
795
881
106
370
802
324
101
455
628
147
115
2
609
875
911
277
284
898
722
826
925
908
119
493
604
310
239
397
3
955
572
227
103
520
613
515
219
958
411
756
993
512
189
707
727
936
454
10
691
333
827
375
149
351
552
655
1008
54
787
769
846
38
203
905
393
835
185
658
739
486
934
107
380
466
927
614
468
789
249
905
546
204
21
372
359
833
8
865
696
555
55
769
775
255
1043
538
262
676
292
503
12
380
172
450
521
912
535
789
729
990
1034
941
670
397
189
833
936
673
106
793
852
1015
431
110
720
941
534
109
546
621
470
992
752
36
714
499
836
416
123
506
806
356
193
412
501
470
163
391
47
187
879
940
263
220
68
797
854
913
323
34
437
255
1034
887
810
909
1029
970
350
176
50
403
906
310
114
795
1011
1024
948
230
221
739
511
348
953
382
92
148
350
680
73
375
321
339
154
806
397
908
178
818
633
618
115
967
1006
483
91
675
318
1027
498
922
554
239
303
840
1008
684
371
662
226
279
507
232
131
1044
701
828
165
950
442
197
777
196
279
973
303
870
272
733
665
999
606
2
962
136
773
10
307
362
340
922
170
1011
1010
337
679
831
279
124
979
986
470
439
745
999
270
245
309
113
759
255
775
712
134
554
806
101
873
226
729
1017
348
221
204
724
806
979
1023
11
397
291
549
734
629
813
403
321
506
18
436
771
609
89
835
471
149
139
736
915
944
1028
217
119
370
925
188
379
131
81
429
720
851
527
431
1036
275
751
525
940
908
1037
925
796
933
141
89
656
327
920
442
546
793
36
353
533
833
667
516
452
509
47
672
21
106
188
294
323
917
872
877
298
885
255
605
337
765
189
817
249
749
356
737
378
915
478
431
828
915
388
367
741
717
538
359
334
1022
182
234
890
983
320
650
361
355
1004
655
319
938
931
736
915
881
876
472
61
510
439
80
139
991
921
564
838
657
676
102
397
361
58
521
890
143
375
528
731
1009
634
819
319
788
702
955
853
204
307
105
248
696
157
876
503
746
447
861
953
856
879
280
732
222
941
876
557
721
171
823
9
675
945
501
831
83
182
813
565
202
2
712
540
260
579
599
686
1033
628
86
345
374
103
891
768
682
1031
596
559
6
863
288
153
565
166
832
458
521
890
48
625
497
556
787
511
156
659
451
74
1040
563
638
713
394
651
162
798
817
505
669
393
35
555
41
240
251
941
751
614
509
295
836
490
649
266
232
413
590
747
142
33
1027
936
203
317
135
485
583
891
1010
153
223
307
445
997
44
141
963
93
355
634
854
223
276
905
101
64
1039
432
1044
739
57
534
469
983
386
319
976
802
681
489
470
902
231
103
33
468
463
978
38
743
31
1004
158
709
249
109
910
786
494
105
937
133
1012
401
990
81
81
541
305
896
930
608
317
519
381
744
703
408
707
249
128
867
728
1010
103
417
836
200
406
1018
468
696
245
802
812
854
715
913
841
202
925
587
541
7
356
905
723
444
228
154
365
149
998
34
99
57
984
406
234
885
871
849
989
924
739
1035
364
348
82
819
98
648
338
42
301
779
540
221
239
498
995
241
241
1
590
807
460
494
159
686
375
832
105
322
578
857
838
221
361
613
475
143
671
100
321
264
931
538
303
652
755
321
726
265
222
576
490
769
389
748
569
81
124
246
589
806
1013
28
752
801
610
397
947
491
534
762
460
1016
5
615
51
460
753
854
907
375
851
738
817
951
652
683
644
713
173
579
470
239
315
865
1030
397
46
161
280
665
461
749
733
925
886
227
236
329
546
695
680
824
492
216
721
848
722
969
295
499
235
336
735
957
77
494
119
251
831
308
490
741
55
821
819
53
916
177
709
102
527
883
656
672
895
912
401
64
32
218
356
528
13
1018
1039
674
964
111
31
74
791
984
952
670
1020
728
604
225
235
547
902
520
817
317
836
402
486
898
817
676
232
242
480
139
227
341
24
337
783
468
54
127
666
344
404
978
1045
133
916
823
752
34
643
1014
357
541
265
55
401
957
717
784
1000
345
764
1033
905
712
216
594
916
704
786
186
238
276
784
910
125
167
611
25
851
214
549
1028
563
360
49
231
840
157
955
281
771
281
313
1029
971
617
481
198
54
287
98
284
239
124
317
949
135
902
55
523
678
153
20
289
735
15
288
811
152
950
151
1025
552
436
496
715
255
978
704
544
339
354
962
354
742
448
648
271
472
1034
563
160
414
666
591
1022
951
687
492
144
534
104
1018
197
1003
111
964
952
810
556
98
195
661
614
591
664
129
264
170
928
737
298
875
93
117
970
356
804
953
775
798
501
868
638
40
402
140
75
226
922
356
368
693
372
1030
720
1007
910
868
592
256
668
869
981
1017
664
1025
1015
747
106
799
952
402
958
205
308
106
964
55
1034
532
423
243
440
1011
804
457
602
1023
428
92
324
856
312
672
865
1009
951
108
872
427
809
339
259
576
455
556
822
939
633
61
471
545
32
630
489
64
655
530
860
48
711
518
1005
386
473
120
37
853
823
954
562
964
390
544
675
854
625
325
230
640
38
820
675
656
508
449
865
752
17
234
193
160
1034
1037
492
977
457
681
585
337
985
472
325
322
248
124
176
784
676
732
188
242
883
240
868
777
417
248
234
891
828
53
107
999
818
215
429
249
231
621
1024
316
240
577
810
373
490
517
924
1021
490
936
816
519
389
351
722
879
839
141
785
489
845
483
1033
913
823
44
446
67
834
555
455
814
830
94
700
104
374
538
431
408
293
33
197
817
644
749
587
157
256
585
215
557
287
702
541
554
381
194
721
561
403
455
607
16
578
444
462
68
468
205
283
627
793
180
47
392
23
77
784
921
383
423
186
561
1003
872
567
479
194
800
227
394
25
238
252
777
996
135
453
802
852
144
1018
717
506
576
226
434
524
293
624
854
235
291
75
363
78
231
163
496
612
598
1021
762
717
320
183
961
51
741
461
136
797
21
794
29
837
515
92
732
116
119
852
1022
147
452
826
323
560
722
652
949
996
195
964
271
889
507
136
135
157
357
344
970
789
145
726
993
342
222
755
998
502
736
498
366
611
137
839
348
709
938
672
753
205
401
869
809
1037
215
178
321
91
971
456
914
440
735
762
722
774
228
226
727
681
585
431
520
966
536
757
359
129
645
231
483
363
550
502
763
189
313
301
306
412
582
39
336
308
329
107
44
353
187
940
393
993
213
549
57
344
458
808
106
301
101
965
794
383
578
607
207
927
457
415
937
462
204
933
730
303
968
494
314
424
480
458
689
67
908
13
880
382
742
915
70
448
722
49
363
410
676
983
59
984
654
255
550
78
732
141
645
544
998
550
945
682
859
907
787
662
516
469
134
95
50
478
632
265
486
455
236
280
756
563
696
825
162
586
661
1012
422
234
494
673
484
56
598
10
734
895
946
467
677
776
210
102
26
818
637
817
811
714
702
837
952
192
488
476
122
931
900
534
304
801
411
316
953
811
413
234
962
637
869
580
698
1028
834
205
770
716
173
142
430
658
810
406
773
289
1035
638
962
679
733
775
411
786
71
757
293
390
266
951
163
196
220
947
607
936
142
1003
188
530
383
687
548
612
677
616
635
878
347
399
184
391
924
197
536
1007
763
866
891
202
12
450
635
452
772
689
470
96
889
890
316
317
739
697
626
551
716
787
465
954
439
88
784
648
817
588
814
918
522
249
609
707
484
33
418
635
725
536
114
160
778
241
828
723
521
665
402
260
934
525
481
995
54
666
374
698
275
323
480
440
746
818
974
954
150
154
492
1039
613
751
295
835
617
744
139
591
325
868
494
687
1042
804
986
124
704
104
855
828
698
952
976
378
910
98
871
222
223
570
513
664
61
731
790
486
82
460
820
862
809
35
432
884
354
734
695
674
716
511
25
291
554
63
479
292
697
781
88
982
403
571
243
933
972
669
409
661
952
226
947
643
372
821
307
596
838
863
334
597
740
247
386
534
728
483
630
965
721
345
47
988
599
381
186
529
17
921
359
698
760
640
433
489
467
918
650
286
38
75
481
77
420
996
928
908
536
638
842
210
204
670
993
319
219
932
941
545
873
58
68
117
96
169
170
257
989
302
503
H Count = 588at colour: 1
H Count = 863at colour: 3
H Count = 1077at colour: 5
H Count = 1260at colour: 7
H Count = 1406at colour: 9
H Count = 1532at colour: 11
H Count = 1633at colour: 13
H Count = 1738at colour: 15
H Count = 1842at colour: 17
H Count = 1934at colour: 19
H Count = 2015at colour: 21
H Count = 2127at colour: 23
H Count = 2228at colour: 25
H Count = 2335at colour: 27
H Count = 2423at colour: 29
H Count = 2508at colour: 31
H Count = 2600at colour: 33
H Count = 2680at colour: 35
H Count = 2751at colour: 37
H Count = 2803at colour: 39
H Count = 2855at colour: 41
H Count = 2906at colour: 43
H Count = 2942at colour: 45
H Count = 2974at colour: 47
H Count = 3011at colour: 49
H Count = 3044at colour: 51
H Count = 3078at colour: 53
H Count = 3118at colour: 55
H Count = 3149at colour: 57
H Count = 3183at colour: 59
H Count = 3219at colour: 61
H Count = 3256at colour: 63
H Count = 3283at colour: 65
H Count = 3304at colour: 67
H Count = 3322at colour: 69
H Count = 3343at colour: 71
H Count = 3368at colour: 73
H Count = 3388at colour: 75
H Count = 3406at colour: 77
H Count = 3422at colour: 79
H Count = 3442at colour: 81
H Count = 3486at colour: 83
H Count = 3518at colour: 85
H Count = 3559at colour: 87
H Count = 3595at colour: 89
H Count = 3631at colour: 91
H Count = 3675at colour: 93
H Count = 3704at colour: 95
H Count = 3733at colour: 97
H Count = 3763at colour: 99
H Count = 3789at colour: 101
H Count = 3809at colour: 103
H Count = 3832at colour: 105
H Count = 3855at colour: 107
H Count = 3880at colour: 109
H Count = 3904at colour: 111
H Count = 3927at colour: 113
H Count = 3942at colour: 115
H Count = 3957at colour: 117
H Count = 3969at colour: 119
H Count = 3978at colour: 121
H Count = 3988at colour: 123
H Count = 3999at colour: 125
H Count = 4005at colour: 127
H Count = 4010at colour: 129
H Count = 4012at colour: 131
H Count = 4014at colour: 133
H Count = 4018at colour: 135
H Count = 4021at colour: 137
H Count = 4025at colour: 139
H Count = 4030at colour: 141
H Count = 4035at colour: 143
H Count = 4038at colour: 145
H Count = 4039at colour: 147
Time for the kernel: 22.2731 ms
Max Colour = 147
Colour numbers: 
23
9
16
4
7
2
10
37
5
26
2
2
2
42
4
1
25
10
2
12
2
8
40
4
12
14
7
2
3
29
31
7
10
2
5
2
2
2
15
16
22
5
1
2
9
35
12
4
18
1
3
18
6
10
7
25
15
25
27
43
17
2
43
25
5
7
9
21
7
17
2
2
17
16
2
18
25
2
2
3
14
3
19
11
9
28
1
36
17
4
2
12
2
11
3
2
25
8
33
2
4
31
3
11
18
41
31
82
27
25
1
7
3
44
2
13
15
4
27
1
1
15
40
26
2
25
20
7
2
4
20
7
19
4
1
14
34
2
14
5
14
37
42
3
16
6
12
1
16
14
3
1
10
2
10
6
1
4
38
3
1
23
8
2
1
25
1
4
2
13
27
25
39
3
1
6
9
10
2
4
33
8
10
1
10
15
31
16
17
8
2
2
4
10
1
6
3
12
4
25
23
1
2
38
40
2
4
10
3
2
2
40
20
9
16
1
8
6
10
8
1
33
1
24
42
5
8
8
6
4
6
35
1
1
12
25
6
16
17
10
6
2
18
6
2
6
38
2
26
38
10
3
5
2
35
2
3
14
16
8
12
41
2
1
3
24
16
6
1
2
27
29
39
1
1
5
2
43
4
2
3
10
4
2
25
45
1
2
27
1
31
35
1
2
4
27
10
43
26
25
16
2
29
38
12
13
4
24
44
9
8
1
11
31
30
36
4
33
31
6
1
1
8
9
11
16
12
8
3
5
33
41
33
1
24
2
16
9
9
13
25
33
28
6
25
7
27
1
31
4
53
10
104
20
47
45
4
53
2
7
20
18
28
49
8
2
51
32
39
3
102
41
71
43
4
41
3
4
59
2
1
5
43
2
2
1
1
103
69
86
12
75
20
6
12
100
4
24
2
14
28
2
53
24
3
5
5
2
34
35
14
2
1
2
57
32
1
45
34
94
8
22
77
35
28
45
35
47
98
1
49
55
5
5
61
37
22
3
8
53
96
12
55
1
100
20
24
1
1
33
13
43
39
6
12
69
103
37
7
2
73
31
94
7
4
41
2
1
8
51
14
96
24
75
36
10
6
4
2
14
4
75
26
16
99
2
39
33
30
49
5
12
63
18
3
102
18
94
4
8
2
10
45
53
9
8
33
51
1
33
33
94
24
65
32
22
26
101
35
5
18
11
13
29
6
30
84
51
2
4
20
73
6
26
3
30
102
10
92
11
39
26
96
55
11
33
34
41
34
49
2
55
33
1
6
12
13
67
100
37
96
24
16
27
2
71
47
22
36
12
35
2
8
63
5
2
28
16
4
4
53
1
2
1
7
2
5
45
35
12
1
100
39
2
6
18
59
10
10
3
20
5
2
41
43
65
18
1
1
3
35
3
5
2
24
6
9
37
37
12
94
2
1
16
2
8
5
5
22
1
61
6
18
59
47
24
8
90
2
11
8
105
2
34
6
29
31
2
2
5
30
55
15
33
8
2
1
59
7
10
2
12
14
3
1
32
10
59
1
5
4
2
10
2
2
26
30
14
92
2
59
32
4
5
39
61
21
25
22
8
14
8
2
3
4
19
29
14
16
1
10
33
18
3
2
1
14
18
15
25
35
33
2
27
14
32
1
10
29
20
25
1
8
8
10
12
29
10
14
22
5
28
2
22
5
6
12
32
3
23
20
16
5
4
23
6
16
32
2
1
20
23
23
20
13
3
12
2
33
2
16
32
10
20
16
17
31
4
1
12
18
6
2
7
13
4
2
17
2
34
15
31
23
24
26
2
3
10
14
16
8
3
10
35
8
24
8
31
6
22
4
2
3
34
18
30
4
32
12
34
25
18
10
28
27
8
14
22
1
18
27
6
6
5
33
5
28
8
11
18
34
5
10
2
9
2
5
35
14
10
12
22
20
34
16
5
7
24
34
16
29
1
12
12
12
8
10
33
5
11
1
5
23
7
9
18
3
1
20
2
7
3
5
3
4
1
11
3
1
1
2
2
9
1
7
9
2
7
12
3
16
2
1
11
2
1
36
74
3
2
63
1
43
7
2
1
42
1
6
63
7
2
29
86
28
43
29
97
2
86
77
106
72
3
91
54
90
14
41
33
91
5
101
86
113
1
89
86
99
7
1
30
84
19
28
1
62
44
5
5
61
86
37
120
89
6
8
34
23
21
52
63
22
94
92
99
50
107
1
99
63
8
31
60
3
23
55
84
35
7
87
31
31
4
22
27
4
51
20
5
17
1
5
25
79
95
8
111
75
86
21
49
1
105
73
19
109
84
57
85
19
7
22
88
17
53
6
8
102
116
29
23
84
2
66
103
47
7
45
24
4
84
9
65
2
34
90
18
2
99
104
8
43
2
30
5
2
56
18
66
67
92
2
17
68
79
113
1
57
1
11
1
7
2
21
2
96
97
54
33
9
1
53
1
109
95
117
1
98
58
57
19
95
54
93
29
119
2
53
43
18
111
18
2
23
26
1
90
63
5
49
23
94
61
28
5
15
62
19
93
41
1
4
3
13
39
61
109
21
1
2
4
27
102
47
73
9
23
111
91
68
19
84
1
1
3
33
25
9
43
3
93
98
92
35
2
94
2
18
84
64
1
18
77
25
94
33
25
20
30
69
55
63
103
89
65
99
15
1
26
32
26
30
21
39
3
1
3
4
11
106
119
35
15
52
11
9
61
100
92
87
65
117
63
3
82
21
61
83
96
2
2
4
12
118
108
1
105
2
1
14
90
57
45
88
19
86
77
5
108
28
47
33
9
4
47
63
41
94
13
59
29
16
61
13
92
2
87
13
30
1
2
39
6
1
101
100
90
1
30
109
6
6
3
5
88
22
35
1
6
90
28
1
6
29
37
65
18
20
30
4
53
46
91
3
3
1
6
2
88
6
41
1
53
88
84
31
42
107
24
43
56
19
31
1
27
84
4
21
45
3
55
106
115
17
22
100
61
26
7
24
34
21
49
19
87
16
31
95
9
61
7
33
57
2
90
1
8
6
86
115
102
28
17
112
36
106
59
22
104
87
49
1
19
49
37
1
15
28
59
116
47
4
2
45
43
61
24
24
11
10
53
7
14
18
93
88
56
3
1
108
4
65
90
1
108
63
12
6
39
45
49
98
13
4
19
2
2
37
117
46
60
18
97
3
1
24
55
89
21
18
35
35
2
43
11
7
2
84
84
37
55
1
93
17
17
60
8
99
7
40
1
84
37
7
2
25
12
13
28
1
57
41
2
63
114
17
110
13
95
104
84
3
1
53
1
103
104
96
51
75
7
98
9
32
2
49
66
97
27
76
2
11
71
51
107
2
80
88
5
55
40
11
14
2
89
1
1
63
85
16
43
24
1
45
29
6
53
87
90
1
47
20
84
8
39
18
55
83
1
100
23
87
11
98
6
2
41
92
95
2
84
26
77
5
26
104
121
1
106
6
1
10
12
111
49
14
57
45
17
106
18
106
12
86
8
21
26
2
119
51
15
59
7
59
28
3
5
15
20
15
45
59
57
38
7
52
17
1
20
1
88
11
114
2
4
59
9
11
13
51
61
55
81
3
79
86
105
8
9
79
1
20
1
75
61
1
93
31
16
57
4
19
94
11
7
45
107
47
11
100
8
2
118
97
23
5
19
97
40
43
25
61
7
106
59
96
100
2
86
15
93
4
41
30
45
58
5
35
3
32
13
10
26
23
24
47
78
19
117
18
90
84
45
51
51
5
30
2
6
96
1
84
105
1
25
1
2
15
53
56
14
70
19
84
6
90
101
72
89
59
11
86
92
55
99
3
15
4
30
96
51
51
108
92
110
23
92
118
110
2
22
3
2
55
100
9
4
35
99
34
37
2
16
84
86
29
32
5
34
3
2
86
55
71
9
7
106
60
11
84
65
73
33
83
84
84
53
84
31
28
61
17
4
51
120
87
37
84
43
86
103
115
16
7
29
85
13
2
17
89
113
35
95
13
17
4
33
88
1
11
105
16
13
8
114
89
98
91
62
26
106
15
7
5
84
31
29
45
13
3
93
27
39
21
102
83
10
65
111
3
99
3
34
49
116
9
2
14
92
64
53
21
13
31
76
5
16
5
101
103
101
95
115
2
55
48
5
20
11
100
1
88
59
93
4
25
81
7
1
4
3
111
69
2
26
89
92
35
27
25
22
91
5
26
79
31
1
103
67
88
108
3
1
1
47
33
7
9
8
84
33
15
76
58
9
88
37
88
47
17
97
8
94
51
19
41
49
93
14
27
1
26
2
5
39
109
21
72
4
3
21
27
18
113
96
21
5
7
3
1
90
68
49
94
86
7
43
2
106
88
62
25
6
43
31
51
100
116
47
9
35
6
88
4
46
9
44
102
24
4
22
4
10
114
2
31
6
62
57
6
115
6
145
49
113
143
142
12
2
12
7
27
129
88
5
33
10
29
139
119
10
114
38
34
115
16
2
92
27
90
135
115
73
4
7
84
51
4
109
75
104
73
13
87
50
8
69
71
61
43
98
75
142
111
94
1
38
113
4
55
5
120
9
29
93
42
1
31
90
24
111
27
37
44
8
38
3
2
56
57
88
88
6
39
49
68
100
103
24
65
123
41
18
14
56
111
144
90
98
11
4
110
110
27
134
46
52
73
41
35
2
100
17
18
2
27
123
88
15
64
88
1
12
74
1
27
114
74
52
37
123
47
70
81
55
75
14
140
1
54
15
2
58
119
54
65
70
89
43
122
115
123
125
6
102
128
12
64
15
2
39
121
131
43
2
2
114
60
107
65
80
5
4
8
110
123
117
5
6
12
124
126
90
48
82
29
71
39
5
58
19
94
124
67
101
135
103
76
132
54
29
63
20
129
51
8
81
10
69
71
122
56
16
14
126
2
16
27
6
60
100
117
118
111
53
37
2
4
22
79
86
91
37
32
49
47
29
2
30
108
112
2
140
80
68
47
11
105
130
103
5
4
37
39
2
45
36
6
127
69
136
8
64
16
27
32
2
72
111
124
3
37
38
68
101
94
6
17
4
88
49
20
49
28
40
92
112
29
141
90
113
121
35
3
41
38
67
37
109
68
86
92
98
3
27
118
110
60
39
104
29
31
118
107
1
27
127
73
43
6
108
29
4
12
70
117
26
14
2
113
51
27
84
84
47
101
29
29
37
20
8
125
88
36
112
2
21
121
66
22
125
119
142
62
15
110
49
1
146
42
31
73
19
116
2
109
92
73
106
4
98
125
111
1
8
31
31
31
4
8
27
108
67
42
109
95
128
19
26
110
126
27
117
128
35
74
31
137
56
6
56
96
49
2
45
57
133
12
69
73
78
1
143
64
107
78
114
2
112
12
112
125
39
102
45
49
5
1
21
107
110
34
27
25
31
26
53
41
3
6
28
4
11
141
14
139
119
113
11
57
6
101
130
47
116
22
114
65
102
8
90
113
60
40
58
2
44
49
23
66
6
4
31
59
29
92
4
116
76
3
27
27
41
1
5
88
18
10
112
45
2
4
77
3
3
17
4
64
29
121
2
9
58
4
20
96
57
4
108
58
96
4
49
110
27
2
2
109
109
30
13
9
126
20
107
4
7
138
35
2
72
82
45
5
107
106
109
54
82
126
6
34
1
105
71
6
1
112
52
67
36
72
1
44
55
78
39
109
7
123
2
13
6
83
2
84
104
98
27
30
7
9
8
33
27
88
2
13
11
130
120
49
7
72
68
86
2
27
66
51
37
34
135
33
4
37
64
53
11
94
4
56
99
41
1
9
2
60
76
137
97
113
75
114
92
144
2
113
85
121
20
29
124
36
2
49
37
1
1
10
16
82
31
40
112
32
8
118
101
27
112
112
1
56
51
147
7
31
3
33
73
21
36
6
4
2
29
114
125
79
8
98
143
69
107
146
122
128
2
109
4
4
46
56
90
29
43
27
82
37
2
77
92
85
44
39
38
33
102
97
108
27
96
35
47
27
108
106
47
55
119
106
94
3
18
58
33
3
92
73
36
102
9
111
90
7
9
53
27
39
23
81
4
85
102
10
6
3
21
17
7
61
57
8
94
46
2
19
29
30
44
39
55
3
43
31
36
7
61
3
1
2
88
24
36
27
10
35
19
37
79
5
7
1
23
40
31
20
9
3
77
49
6
1
2
59
15
85
29
10
2
9
43
18
2
49
65
28
71
69
61
1
57
4
36
2
4
27
35
27
1
69
77
2
23
22
6
75
34
43
95
19
23
6
69
89
77
39
67
10
59
94
12
3
77
43
13
94
53
16
21
27
87
3
93
2
79
4
26
32
17
55
65
65
34
41
85
3
40
12
100
5
45
24
2
3
11
2
10
26
71
37
13
7
4
34
42
3
1
4
2
7
6
2
67
9
4
30
9
2
6
5
91
1
39
2
81
87
7
91
8
5
37
15
93
91
19
2
20
2
93
1
5
6
31
4
1
10
55
34
12
1
41
79
2
5
2
5
94
1
4
14
81
42
7
17
73
40
83
46
43
61
96
59
26
8
37
37
5
18
91
15
16
81
1
11
61
38
11
47
39
35
1
27
4
17
75
21
2
44
21
11
17
24
32
48
26
1
2
16
14
7
94
26
33
31
33
3
19
59
1
10
34
16
47
6
67
46
4
2
51
81
6
20
27
9
22
18
2
75
19
83
85
32
63
50
35
22
90
69
27
5
34
4
67
97
12
49
2
44
6
5
59
32
57
53
42
19
36
20
9
21
41
94
1
73
10
16
30
5
43
3
2
29
51
71
94
15
81
65
43
89
3
2
37
2
31
11
7
25
44
29
1
41
15
1
47
15
41
18
63
29
28
38
15
1
96
2
16
16
63
98
55
35
17
31
22
8
40
21
1
43
45
83
18
57
3
47
11
38
77
38
28
13
3
8
85
4
28
27
38
85
3
12
1
49
2
1
18
55
10
79
1
65
63
3
9
41
4
4
2
36
81
2
3
1
61
9
10
2
6
39
1
13
65
5
45
9
12
36
63
17
57
1
40
41
96
87
7
37
57
22
16
95
8
22
42
4
36
23
89
6
14
63
38
98
7
1
22
19
1
1
2
61
1
92
5
4
8
94
7
51
13
1
44
41
1
11
51
20
5
23
25
35
18
26
4
41
23
14
16
67
2
31
6
61
3
75
42
2
22
33
22
7
8
49
8
40
3
11
43
85
8
8
30
2
28
12
12
4
9
16
1
10
83
49
16
2
26
21
2
24
51
8
13
14
1
79
91
9
53
26
1
55
63
38
42
7
38
35
87
63
38
87
1
7
2
11
61
73
3
7
43
77
18
83
2
3
16
1
14
11
9
53
69
6
30
67
65
71
63
4
34
12
9
5
34
19
2
26
5
42
35
9
41
37
73
15
63
6
98
18
8
18
7
22
44
3
20
3
1
7
11
25
61
28
61
19
5
5
31
1
1
57
4
55
13
93
3
28
36
8
11
4
3
83
91
26
101
1
51
97
61
1
31
6
34
1
36
9
9
1
5
4
3
83
21
38
26
71
99
5
35
15
17
2
89
59
2
63
87
8
3
35
25
2
47
47
5
94
73
12
2
29
35
7
73
13
83
77
59
3
63
12
24
63
2
3
35
61
63
98
39
53
4
24
4
4
1
1
73
3
94
29
27
20
9
87
42
38
28
6
2
49
59
47
34
26
5
36
25
25
81
38
24
13
33
2
16
7
21
18
100
20
20
63
1
18
28
65
33
46
45
79
11
5
91
1
35
71
94
40
13
1
19
28
39
53
1
81
1
7
43
6
98
10
21
39
8
25
20
4
31
2
2
20
4
34
28
4
2
23
2
23
36
16
20
35
8
32
20
29
34
30
4
6
23
34
10
22
37
2
6
26
40
2
4
2
10
37
22
8
2
24
2
4
23
11
8
4
16
23
1
1
35
34
6
23
8
4
2
2
24
25
1
6
27
27
21
4
1
23
10
29
14
14
41
28
14
15
20
8
2
16
8
18
4
41
35
26
1
27
29
16
4
3
2
12
22
10
25
2
25
2
17
18
10
23
2
10
1
1
6
28
23
22
31
29
35
3
1
6
1
14
1
16
4
4
10
2
2
1
25
8
27
3
30
20
20
1
18
23
28
20
22
14
7
2
2
5
27
31
12
14
5
27
1
10
10
26
2
1
34
13
34
20
29
31
27
16
20
29
20
18
22
12
3
37
2
18
10
35
14
14
34
10
37
24
12
6
14
14
36
34
4
20
2
4
4
6
2
10
5
10
1
14
14
2
12
2
27
2
12
14
3
27
6
31
31
14
1
12
12
1
10
14
13
29
4
5
24
32
2
38
6
12
6
1
2
17
20
23
15
8
22
6
8
23
22
25
1
4
1
33
8
6
12
31
2
8
10
1
32
1
33
19
13
23
2
28
28
8
6
2
26
16
4
30
26
10
20
29
24
23
23
2
18
33
1
30
22
18
23
40
2
33
2
23
3
3
35
25
26
2
2
2
25
2
20
25
18
29
3
5
16
42
8
2
1
1
30
32
23
24
16
5
25
22
20
3
20
13
28
18
1
23
14
23
29
12
2
26
8
23
34
27
12
1
16
7
30
23
25
22
27
4
31
2
6
26
3
8
12
18
1
16
1
4
1
10
20
10
12
22
37
23
36
28
5
2
22
12
10
9
6
32
1
29
3
15
18
2
24
23
24
27
16
42
8
3
17
22
10
16
23
4
35
14
23
26
9
38
2
2
24
2
8
25
1
37
24
37
23
6
2
24
35
10
30
6
4
25
18
23
23
24
33
24
2
7
30
2
1
10
2
36
25
18
30
24
38
14
23
3
5
8
2
16
1
33
23
30
9
25
18
8
37
24
19
2
10
1
29
1
2
33
2
17
23
32
1
1
14
7
2
17
8
2
35
39
33
2
31
23
2
2
18
23
7
23
2
2
17
32
27
23
31
31
16
2
16
12
2
26
2
33
25
2
1
6
25
22
5
3
12
36
28
11
16
3
35
8
23
2
12
21
5
2
33
3
10
13
2
2
9
11
1
5
8
2
1
2
4
6
7
2
1
12
5
3
4
9
5
11
1
5
4
2
4
2
2
2
1
1
1
5
9
3
8
6
7
1
12
2
1
1
7
1
2
2
4
2
2
2
2
1
8
9
